-54.6043  -44.2669
0  1
-44.8337  -54.2623
0  1
-3.80269  -70.2033
0  1
-10.1647  -69.6589
0  1
65.8683  -25.2676
0  1
-69.8055  10.2951
0  1
70.4739  -7.6847
0  1
-64.1326  29.1355
0  1
70.2267  7.61395
0  1
-18.9554  -68.2672
0  1
53.3744  46.4531
0  1
26.4774  65.5974
0  1
-11.1305  -69.6698
0  1
-32.5867  -62.5439
0  1
-31.7762  -62.9993
0  1
24.9324  66.0451
0  1
70.1054  9.73379
0  1
-11.4673  69.9877
0  1
-35.0631  -61.4465
0  1
47.7844  51.6158
0  1
-64.5218  28.5812
0  1
-24.1505  -66.3358
0  1
-30.2186  63.4119
0  1
61.6281  -34.2789
0  1
-65.7173  26.3256
0  1
-24.6651  66.3927
0  1
53.3974  46.3593
0  1
24.8891  -66.0192
0  1
-12.2457  -69.7753
0  1
68.0848  -19.0198
0  1
30.6263  63.3755
0  1
-35.5132  60.9421
0  1
-61.1827  -35.2403
0  1
-63.1186  -32.1134
0  1
24.3675  -66.5518
0  1
-69.4842  11.8088
36.4088  112.429
0  2
54.5277  45.1642
0  1
-60.8353  -35.9112
0  1
24.3281  66.1381
0  1
38.469  -59.3123
0  1
6.36542  70.1479
0  1
37.8404  -59.3274
0  1
70.5672  1.74098
0  1
-67.5644  19.8086
0  1
-65.7781  -25.6048
0  1
-34.1508  -62.0274
0  1
68.6385  -15.7012
0  1
47.1032  52.4462
0  1
40.3257  58.2859
0  1
-70.5331  -5.17341
0  1
56.1029  42.7115
0  1
2.17021  -70.7492
0  1
12.5498  -69.4488
0  1
68.4099  -17.2721
0  1
-70.7712  2.74015
0  1
-39.817  -58.2133
0  1
34.1919  61.8233
0  1
69.8921  11.6413
0  1
-1.32859  -70.9416
0  1
-68.3675  16.7042
0  1
-22.5833  66.7838
0  1
-70.147  5.41851
0  1
70.9245  -1.42094
0  1
-26.0224  65.8033
0  1
43.9643  -55.5376
0  1
37.041  60.0294
0  1
-69.4058  12.3096
0  1
-30.6423  -63.7079
0  1
39.2818  58.6261
0  1
49.3004  50.7364
0  1
25.2939  -66.0789
0  1
1.00438  -70.6331
0  1
36.4769  -60.4432
0  1
-57.469  -40.9513
0  1
27.2375  65.2981
0  1
10.9758  69.6974
0  1
30.6096  -63.9625
0  1
-55.8609  -43.2688
0  1
-69.3215  -13.6232
0  1
51.6546  47.9312
0  1
67.9914  18.9231
0  1
53.1313  -46.5507
0  1
-70.1463  -8.2019
0  1
-64.537  28.835
0  1
70.2676  -9.48043
0  1
41.2696  57.5337
0  1
13.0028  -69.5238
0  1
9.43954  -70.1333
0  1
29.7422  -64.5544
0  1
16.5203  -68.6637
0  1
68.1877  -17.8035
0  1
-51.6545  -48.4584
0  1
8.30979  69.9807
0  1
39.2867  58.8937
0  1
-61.8427  -34.5761
0  1
-54.7392  44.5906
0  1
-12.7035  -69.5747
0  1
-65.5783  -25.8637
0  1
28.1407  64.6158
0  1
-19.3046  -67.7554
0  1
-68.6002  17.4445
0  1
68.4038  -17.1484
0  1
-3.31306  -70.5638
0  1
-4.71308  -70.2691
0  1
-68.826  14.2325
0  1
33.4101  62.4206
0  1
-68.6075  -16.8238
0  1
69.5521  -12.8822
0  1
50.8279  49.3041
0  1
-62.387  33.3266
0  1
10.5911  69.8206
0  1
26.6418  -65.497
0  1
7.14396  -70.1492
0  1
-52.4928  -47.0222
0  1
-60.7491  -35.614
0  1
53.3365  -46.4311
0  1
70.6487  3.11021
0  1
-69.6547  12.7642
0  1
70.8087  -3.23056
0  1
27.5594  -64.7413
0  1
33.9783  62.1292
0  1
-5.0257  70.1259
0  1
69.909  10.9785
0  1
-20.296  -67.6991
0  1
-60.4645  36.1142
0  1
31.372  63.441
0  1
-68.8662  15.8445
0  1
51.9303  -47.9291
0  1
70.2829  7.54806
0  1
-62.4329  -32.9239
0  1
-69.1969  13.7759
0  1
-14.5425  -69.3214
0  1
14.2524  68.9903
0  1
-50.0479  49.8593
0  1
-70.9013  2.4754
0  1
14.3129  69.471
0  1
11.2149  -69.9384
0  1
-68.9204  -16.1475
0  1
62.4396  33.8587
0  1
-47.0339  -52.8445
0  1
70.019  -10.8474
0  1
-66.5693  -22.6015
0  1
-4.41615  -70.6819
0  1
-69.66  13.0861
0  1
-55.8191  -42.5758
0  1
23.221  -66.5108
0  1
60.8292  -36.4756
0  1
-70.5757  -1.49323
0  1
-33.3433  62.5085
0  1
-68.4243  -17.7838
0  1
37.5098  60.0295
0  1
-59.4412  -38.5867
0  1
-66.7523  -23.3332
0  1
16.7702  68.3069
0  1
-15.3599  -68.7225
0  1
54.0106  45.2816
0  1
-22.9018  66.7916
0  1
67.6604  20.3676
0  1
58.6355  39.3152
0  1
-63.0859  31.9922
0  1
2.99918  70.4917
0  1
-69.0507  13.3451
0  1
-12.3414  -69.686
0  1
-59.2961  38.7394
0  1
62.1285  33.3497
0  1
26.083  65.8121
0  1
61.3912  -35.2053
0  1
-45.398  -54.013
0  1
48.154  -52.2278
0  1
-59.7284  -37.5027
0  1
12.578  69.4675
0  1
2.9162  70.8243
0  1
67.4012  21.669
0  1
10.5829  69.7677
0  1
-70.471  8.88344
0  1
-64.5712  29.0793
0  1
-62.1902  -32.9917
0  1
42.072  56.8278
0  1
-69.0261  -14.9362
0  1
62.7633  -32.5227
0  1
65.2211  -27.4472
0  1
-45.9318  -53.8574
0  1
-28.5759  -64.7533
0  1
-69.382  11.2724
0  1
-70.8594  -0.341542
0  1
-6.39371  70.2746
0  1
-58.0815  -39.9417
0  1
70.1842  -9.78124
0  1
45.3496  -53.8167
0  1
-25.9512  66.0905
0  1
69.4039  -12.3477
0  1
66.1063  24.1204
0  1
70.3847  7.50993
0  1
66.7631  22.9416
0  1
1.3104  -70.7131
0  1
-45.8215  -54.0429
0  1
-70.1333  -10.223
0  1
37.5033  -59.9093
0  1
62.6279  -32.9701
0  1
-48.8513  -50.8687
0  1
-28.8119  -64.5616
0  1
68.7798  -14.6073
0  1
69.0091  15.3188
0  1
-42.6001  -56.7143
0  1
-55.5093  44.1588
0  1
1.13807  -70.6016
0  1
-28.0361  65.2734
0  1
48.7135  51.3902
0  1
58.3697  -39.6599
0  1
-27.4121  64.8362
0  1
-45.8299  -53.5194
0  1
15.2756  68.6117
0  1
-18.4323  -68.3287
0  1
41.3761  -57.5132
0  1
-46.5969  53.3361
0  1
-25.2238  65.9878
0  1
70.1461  6.82042
0  1
59.49  38.5641
0  1
22.0805  67.1604
0  1
70.0991  -6.39649
0  1
-55.4924  -43.1101
0  1
15.47  68.9832
0  1
52.0867  47.7652
0  1
2.92175  -70.7662
0  1
-48.15  -51.6389
0  1
-43.63  55.2442
0  1
70.5031  2.95318
0  1
-64.737  -29.108
0  1
-70.4813  2.1469
0  1
-68.0456  19.102
0  1
70.6716  -6.37333
0  1
-51.8954  -47.6133
0  1
56.1511  -42.8576
0  1
-70.3932  -6.64886
0  1
13.7484  -69.5087
0  1
-60.6314  -36.7474
0  1
-27.3218  -65.2522
0  1
65.9552  -25.6864
0  1
25.7892  66.0245
0  1
68.2566  18.3532
0  1
-62.7478  -32.7636
0  1
-19.3557  -67.8813
0  1
-3.35252  70.3981
0  1
62.7768  32.1998
0  1
-66.2335  -25.2096
0  1
43.9983  54.9762
0  1
67.6032  -20.1906
0  1
50.4595  49.3193
0  1
66.8431  -22.1265
0  1
-55.2096  -43.7427
0  1
50.7156  49.1603
0  1
61.4452  35.1565
0  1
-49.716  50.4347
0  1
70.7445  -2.57399
0  1
-19.9451  68.1211
0  1
5.83515  -70.7188
0  1
60.2449  -35.9417
0  1
-50.1302  49.5383
0  1
69.7593  -10.9509
0  1
69.508  -12.6022
0  1
-58.6359  38.8528
0  1
30.5847  63.9418
0  1
-22.4111  67.05
0  1
-49.5965  50.1283
0  1
58.0865  39.7725
0  1
24.3309  66.4381
0  1
-58.4196  -39.7807
0  1
49.6415  50.6345
0  1
62.8869  -31.7956
0  1
34.3196  61.7454
0  1
-38.4477  59.5775
0  1
-70.4178  6.89964
0  1
-62.4586  33.3291
0  1
-67.2923  21.7915
0  1
37.221  -59.8362
0  1
26.6995  65.1641
0  1
-60.5682  35.7471
0  1
69.5728  12.3423
0  1
-49.9949  49.5765
0  1
23.0208  66.639
0  1
-67.8113  19.0379
0  1
43.8763  55.5078
0  1
-28.8621  -64.4508
0  1
24.4313  -66.2513
0  1
54.6177  -45.0611
0  1
69.9843  10.5923
0  1
65.6948  25.9696
0  1
10.076  69.9525
0  1
66.7823  -22.7932
0  1
66.0153  -24.8174
0  1
60.0599  -36.9016
0  1
68.6432  17.2314
0  1
-1.46691  70.3843
0  1
-60.6247  35.8525
0  1
58.2099  -40.2402
0  1
68.6431  -17.5482
0  1
19.3816  -68.3741
0  1
-54.1235  -45.3704
0  1
69.6844  12.5121
0  1
39.9658  -58.3944
0  1
-52.2443  -47.2665
0  1
69.6723  10.3848
0  1
12.1241  69.2191
0  1
-37.8679  59.9705
0  1
9.45054  -70.0201
0  1
41.1474  57.5086
0  1
-25.1207  -65.8932
0  1
70.0025  -8.71887
0  1
-62.7352  32.5611
0  1
69.9682  8.68866
0  1
56.3316  42.7737
0  1
-31.6761  63.2229
0  1
-66.5419  23.7957
0  1
10.3093  -69.743
0  1
-66.1076  -24.2143
0  1
45.6089  54.1964
0  1
7.5605  -70.4692
0  1
69.6528  -11.2455
0  1
-15.3795  68.9469
0  1
-3.44196  -70.2608
0  1
-70.379  -7.37126
0  1
-54.7471  -44.6681
0  1
-32.867  -62.8342
0  1
-50.7884  48.9718
0  1
-15.8709  69.0581
0  1
-22.5243  67.0608
0  1
-0.739223  -70.7758
0  1
70.0503  8.88394
0  1
34.8684  -61.281
0  1
-70.0228  11.3245
0  1
52.53  47.0668
0  1
46.156  -53.3057
0  1
41.8806  -57.1988
0  1
-57.7414  -40.4736
0  1
70.5259  9.27006
0  1
19.5576  67.6137
0  1
3.97653  -70.8342
0  1
56.8268  -42.6833
0  1
70.1039  7.70809
0  1
-23.48  66.4931
0  1
34.7085  -61.5072
0  1
51.5931  47.8646
0  1
-69.1298  -15.3964
0  1
69.8472  11.7677
0  1
68.7724  15.096
0  1
5.87908  70.8308
0  1
62.1432  33.4312
0  1
42.8128  56.3744
0  1
-1.4742  -70.8638
0  1
27.8935  64.9992
0  1
-32.6966  62.7202
0  1
-68.5262  17.6858
0  1
-50.6127  -49.7186
0  1
29.5839  64.0414
0  1
7.16427  70.0504
0  1
64.277  -29.6937
0  1
-66.276  24.6372
0  1
44.1978  -54.9304
0  1
33.1105  -62.4421
0  1
20.1829  -67.5019
0  1
-35.8358  60.694
0  1
-49.8837  50.3108
0  1
-62.7805  32.7828
0  1
-2.35706  70.3057
0  1
53.9567  -45.4154
0  1
-8.1592  -70.3148
0  1
28.0412  64.7555
0  1
-53.9132  -46.0622
0  1
62.535  -33.179
0  1
67.4293  20.306
0  1
-24.4437  66.1166
0  1
70.9699  1.01171
0  1
-60.9712  35.5175
0  1
67.7155  -18.9807
0  1
-47.788  52.6039
0  1
69.1584  15.0635
0  1
0.839174  70.4747
0  1
31.5645  -63.3677
0  1
-16.2839  68.9218
0  1
-64.3068  28.1658
0  1
50.542  49.2406
0  1
61.568  34.2422
0  1
51.0337  49.2694
0  1
43.9837  -55.6224
0  1
58.2443  40.4215
0  1
-2.96834  70.7396
0  1
54.0328  44.7996
0  1
69.3582  -11.9897
0  1
30.8154  -63.3482
0  1
48.288  -51.7315
0  1
-66.4806  24.1128
0  1
65.4394  26.1469
0  1
37.4421  -59.8947
0  1
69.6856  12.3405
0  1
53.4277  45.9954
0  1
-9.0083  70.3283
0  1
-58.8624  -38.9192
0  1
69.2722  12.966
0  1
-52.378  47.4204
0  1
-64.572  28.8736
0  1
19.6575  -68.1296
0  1
-62.4603  32.556
0  1
52.3221  47.7609
0  1
48.6233  -51.4313
0  1
-70.5201  2.15488
0  1
-61.5647  34.4802
0  1
43.7552  -55.4497
0  1
40.0592  -58.1531
0  1
-40.5682  57.4728
0  1
70.4405  4.12609
0  1
-62.5287  -32.8271
0  1
-44.3965  -54.6138
0  1
-33.1401  62.2636
0  1
69.1148  -13.4107
0  1
-55.6236  -43.7353
0  1
68.6732  16.2879
0  1
10.566  -69.839
0  1
-70.9317  1.20761
0  1
-53.7724  45.7078
0  1
67.9236  18.5514
0  1
-61.7753  -34.6612
0  1
-53.6146  -45.9816
0  1
21.1852  -66.9654
0  1
70.4778  4.10787
0  1
-46.882  53.315
0  1
-8.55819  -70.0304
0  1
-20.705  67.4595
0  1
-70.5088  -0.19647
0  1
-60.5546  36.8497
0  1
28.8695  64.2725
0  1
-59.229  38.9076
0  1
-68.1145  -18.8971
0  1
27.0901  65.4029
0  1
9.01711  -69.8329
0  1
-68.9488  -16.4023
0  1
-55.1551  44.474
0  1
-23.7208  -66.8577
0  1
55.6304  43.7588
0  1
-57.0356  41.4235
0  1
-69.0357  15.91
0  1
3.79844  70.3942
0  1
-67.3054  -22.0807
0  1
-53.6749  45.5876
0  1
69.7515  -11.5861
0  1
64.8643  -27.9055
0  1
60.0805  -37.7972
0  1
-46.0018  -53.4326
0  1
-53.9818  -45.4564
0  1
-20.373  67.5336
0  1
17.3143  68.2118
0  1
63.4745  -30.6896
0  1
-66.5105  24.2208
0  1
-59.1071  39.0382
0  1
-65.7302  -25.5477
0  1
23.2641  66.9184
0  1
58.8894  -39.3556
0  1
-66.4694  24.4287
0  1
28.3558  64.3537
0  1
-70.8509  -0.904798
0  1
-70.5961  1.18011
0  1
68.4972  -17.3605
0  1
25.8726  -65.9565
0  1
-52.2549  47.6732
0  1
-46.5624  53.4209
0  1
-65.6667  -26.6026
0  1
-3.14517  -70.7069
0  1
-52.948  -47.1383
0  1
-22.578  -66.7858
0  1
62.6758  -32.9048
0  1
62.0328  33.982
0  1
3.23836  70.5459
0  1
-53.9404  45.9123
0  1
43.3144  56.0184
0  1
-37.3204  -59.4334
0  1
-50.0056  49.7671
0  1
-68.3472  17.7933
0  1
-46.9229  52.8644
0  1
9.40811  69.6279
0  1
61.8781  34.2866
0  1
68.1294  18.5226
0  1
45.1572  54.4734
0  1
20.1494  67.9768
0  1
67.1395  23.257
0  1
25.8674  -65.5197
0  1
-68.7503  15.2995
0  1
48.3668  51.289
0  1
58.998  -38.4151
0  1
-12.6672  -69.3924
0  1
42.8273  -56.4238
0  1
-51.4564  48.3085
0  1
45.9432  -53.4981
0  1
-29.1826  64.2014
0  1
68.1057  -18.2171
0  1
1.32084  -70.6032
0  1
-0.842121  70.6162
0  1
0.288335  70.5384
0  1
-59.5754  38.2779
0  1
-5.75805  70.3342
0  1
36.6571  60.3989
0  1
-68.6175  15.4852
0  1
-34.5465  61.7557
0  1
-25.8507  -65.4903
0  1
17.8178  68.2214
0  1
-21.344  67.1284
0  1
-69.9585  -10.2352
0  1
-5.32632  -70.4106
0  1
-37.7235  -60.063
0  1
-69.6717  11.0854
0  1
65.415  -26.0977
0  1
8.61033  -70.0335
0  1
21.0211  -67.562
0  1
58.7453  -39.1427
0  1
62.0358  -33.6352
0  1
69.3861  13.208
0  1
69.6094  -11.1437
0  1
70.6039  5.28594
0  1
24.5846  -66.1135
0  1
-58.9322  38.9349
0  1
68.6155  16.1598
0  1
63.4792  -31.3847
0  1
64.6274  27.9879
0  1
-9.30217  70.19
0  1
-38.3982  -59.4648
0  1
70.0995  -7.33381
0  1
-38.4105  -59.216
0  1
-41.7037  56.8618
0  1
-13.0082  69.3936
0  1
70.5324  2.46951
0  1
-70.4355  5.3
0  1
65.7098  -26.7598
0  1
47.8819  -52.1814
0  1
29.1258  -64.3995
0  1
-58.5019  -39.6788
0  1
-70.709  -5.82839
0  1
-59.2955  -39.0422
0  1
-28.9254  -64.1374
0  1
-0.585604  -70.4678
0  1
17.6018  -68.5191
0  1
-70.3124  -7.77464
0  1
-69.7867  10.4632
0  1
5.39119  -70.6881
0  1
-70.8138  -1.03365
0  1
-69.943  9.62527
0  1
-60.9624  35.7543
0  1
-33.0903  -62.1926
0  1
40.9983  57.4078
0  1
67.5708  -19.6337
0  1
8.80711  -70.3047
0  1
18.5268  68.2891
0  1
-70.1913  9.2463
0  1
-14.0349  69.2517
0  1
-69.7776  -10.137
0  1
42.2524  56.6284
0  1
38.3462  59.0929
0  1
57.3814  -41.7806
0  1
17.6219  -68.344
0  1
-28.2261  64.5955
0  1
18.2961  -68.5602
0  1
-28.1965  64.973
0  1
53.2757  46.6425
0  1
-64.0467  -29.096
0  1
-39.4348  58.7807
0  1
1.75908  70.8451
0  1
-68.6142  -18.0434
0  1
-67.2599  -21.1185
0  1
-60.9434  35.2759
0  1
-55.0654  44.2735
0  1
-30.3033  -63.8828
0  1
49.42  -50.4048
0  1
46.5038  53.0399
0  1
8.72282  70.2767
0  1
-19.5362  68.1114
0  1
48.1001  51.2792
0  1
35.2663  -61.2845
0  1
-37.4114  59.7168
0  1
-28.7075  -64.7741
0  1
68.7838  -16.0207
0  1
-22.0377  67.2152
0  1
-35.7514  -60.7488
0  1
-48.455  51.6786
0  1
70.7134  -0.977981
0  1
-68.5228  -18.2577
0  1
-12.0401  -69.8466
0  1
-57.6393  40.9073
0  1
-70.341  -6.42672
0  1
26.0216  -65.3609
0  1
-52.6169  47.0632
0  1
-67.8976  -18.5853
0  1
-70.3146  6.92606
0  1
-50.52  49.6639
0  1
70.3622  5.33163
0  1
-51.0587  48.7375
0  1
-29.0564  -64.8455
0  1
-40.1407  58.0348
0  1
9.35362  70.2965
0  1
44.998  -54.81
0  1
70.5928  -0.012724
0  1
-63.2887  31.5639
0  1
70.1633  -7.2589
0  1
39.8981  -58.5727
0  1
11.3428  69.8906
0  1
-67.7115  -21.1147
-189.082  115.478
0  2
44.4968  -55.0114
0  1
-24.1506  66.7062
0  1
-12.6471  -69.5601
0  1
65.2423  27.0041
0  1
-49.1387  -50.4605
0  1
-7.45347  -70.455
0  1
62.2746  -32.8261
0  1
33.9458  62.2625
0  1
-19.4041  -68.0834
0  1
60.3876  37.0296
0  1
28.6368  64.4659
0  1
-26.7179  65.206
0  1
-15.2986  68.8135
0  1
19.296  -67.9428
0  1
70.543  0.333285
0  1
68.0087  -19.8136
0  1
-70.7947  4.88053
0  1
-53.2562  46.5639
0  1
-52.1033  -47.698
0  1
-14.3079  -68.9963
0  1
15.4952  -68.7852
0  1
56.939  41.4736
0  1
-18.6116  67.825
253.167  195.068
0  2
9.33239  -69.958
0  1
63.365  -30.7116
0  1
60.4639  36.8991
0  1
-42.7084  56.2916
0  1
6.02993  70.1126
0  1
59.2562  -38.343
0  1
40.247  58.437
0  1
29.6701  -64.1731
0  1
-48.9628  51.396
0  1
-25.1942  66.2696
0  1
-9.26934  70.2299
0  1
67.8868  19.0443
0  1
-43.9091  55.3689
0  1
-38.2143  -59.7392
0  1
58.5545  -39.0097
0  1
-32.0058  -62.7962
0  1
58.8159  -39.2618
0  1
-37.4962  60.1998
0  1
-62.5601  33.1864
0  1
25.2456  -65.6695
0  1
66.6918  24.36
0  1
14.2613  -69.0992
0  1
-50.3194  49.5136
0  1
-60.654  36.5226
0  1
-9.17457  70.3921
0  1
-45.1945  54.7359
0  1
42.4925  56.2693
0  1
-14.0094  68.9771
0  1
-23.8828  -66.6055
0  1
-70.2265  8.93285
0  1
15.6306  -68.8505
0  1
40.7073  -57.5729
0  1
-0.448655  -70.9066
0  1
-28.8711  -64.0746
0  1
-62.1771  33.7927
0  1
-24.7877  65.8655
0  1
-15.1918  -68.8462
0  1
4.89078  70.2298
0  1
-67.0421  -21.9875
0  1
53.432  46.1507
0  1
-4.19479  70.2116
0  1
-38.6576  59.2917
0  1
29.6848  -63.8231
0  1
40.5331  -57.6129
0  1
-20.1699  -67.898
0  1
48.3923  51.6124
0  1
56.1061  43.3901
0  1
18.8883  67.8471
0  1
64.7235  -28.1015
0  1
67.6066  20.1994
0  1
-65.2064  -27.4483
0  1
-31.2798  62.8022
0  1
-56.2236  -42.5134
0  1
-69.5631  12.1198
0  1
-15.3933  -69.0441
0  1
-5.21454  -70.4598
0  1
-14.0478  -69.2807
0  1
5.52845  70.1137
0  1
-42.6442  -56.0963
0  1
28.1672  -64.8664
0  1
-67.0642  21.3678
0  1
-66.9371  22.6984
0  1
20.927  -67.5813
0  1
60.7467  -36.4956
0  1
-61.9003  33.9954
0  1
66.8408  23.0007
0  1
-26.1461  -65.5508
0  1
51.5072  48.2129
0  1
26.9295  -65.443
0  1
62.8368  32.6884
0  1
39.8594  58.5458
0  1
-1.68289  -70.68
0  1
-66.7552  22.5551
0  1
51.8155  -48.2987
0  1
17.3084  -68.156
0  1
-63.3196  31.0649
0  1
-38.238  -59.0598
0  1
70.6264  -1.87152
0  1
13.7132  -69.4048
0  1
40.9973  -57.6603
0  1
-42.5133  -56.2742
0  1
-47.5497  52.3176
0  1
30.6587  -63.59
0  1
-49.5334  50.6741
0  1
-48.5391  51.1208
0  1
-57.1717  -41.6534
0  1
-39.0244  59.1859
0  1
-68.0347  -18.1671
0  1
-56.988  -41.0696
0  1
-65.4567  26.751
0  1
63.0484  31.4561
0  1
-56.8942  -41.6476
0  1
-69.9813  -9.45145
0  1
35.0631  61.2428
0  1
-60.0937  -36.9985
0  1
51.8144  47.9669
0  1
-47.6941  -51.948
0  1
44.1082  55.0196
0  1
66.8499  23.8453
0  1
68.7002  16.6572
0  1
36.0488  60.6899
0  1
41.5763  -57.1884
0  1
-50.6848  -48.9153
0  1
-22.3447  66.7845
0  1
-33.0096  -62.787
0  1
-24.0489  -66.5287
0  1
-36.7362  60.2021
0  1
-24.0639  -66.2653
0  1
-46.4255  53.3817
0  1
66.7861  23.6548
0  1
-69.0724  13.8687
0  1
-69.1519  13.0163
0  1
70.1481  5.43545
0  1
-22.7648  -66.767
0  1
69.7255  -10.5261
0  1
-29.1754  -63.924
0  1
66.001  24.9839
0  1
2.0835  -70.5359
0  1
-45.2088  54.3714
0  1
49.7567  -49.7372
0  1
46.567  -53.1386
0  1
-36.8694  60.3722
0  1
70.1766  9.76149
0  1
-67.7871  19.2505
0  1
67.5245  21.1322
0  1
49.6589  -49.5833
0  1
-43.0539  -55.9026
0  1
19.0583  -67.9267
0  1
70.575  3.77625
0  1
70.4954  -6.30247
0  1
-69.8502  9.49215
0  1
-5.91262  70.7174
0  1
25.1223  65.9036
0  1
23.9861  66.4804
0  1
23.6348  -66.4741
0  1
19.1444  67.9642
0  1
-49.9281  -50.0894
0  1
53.9078  45.5389
0  1
63.2264  31.4455
0  1
-61.9948  -33.8281
0  1
30.448  63.2793
0  1
69.4713  13.4209
0  1
57.014  41.6193
0  1
-51.8797  -48.3983
0  1
-69.5278  13.9606
0  1
-70.566  -6.45354
0  1
66.4892  22.649
0  1
-42.9267  56.4505
0  1
-39.86  58.6467
0  1
43.417  -55.6799
0  1
70.8121  4.45682
0  1
-56.1136  42.8019
0  1
-11.8568  -69.6272
0  1
53.5839  45.8819
0  1
10.3249  69.8402
0  1
-33.7764  -61.6637
0  1
50.8667  -48.9144
0  1
-41.3537  57.5621
0  1
-64.4337  -29.2815
0  1
-29.5141  -63.9007
0  1
-24.278  -66.3119
0  1
-2.45477  -70.8803
0  1
67.41  -20.9582
0  1
64.9827  27.3034
0  1
-69.8326  11.9072
0  1
35.2829  -61.3198
0  1
-69.8653  9.45794
0  1
55.9699  43.4027
0  1
70.1512  9.13194
0  1
-69.7585  11.309
0  1
36.8318  -60.4634
0  1
40.8396  -57.2103
0  1
40.3968  57.6547
0  1
63.6725  -30.2588
267.245  -217.702
0  2
39.2049  58.8376
0  1
70.5601  4.44487
0  1
-70.5606  -5.99969
0  1
59.4152  -38.6083
0  1
22.7407  -67.1487
0  1
-67.8994  -19.1011
0  1
-69.9979  -7.34553
0  1
-51.3263  -48.6401
0  1
57.8699  -40.4944
0  1
-56.4924  -41.7009
0  1
-11.6906  69.5428
0  1
43.2678  -55.6895
0  1
68.9692  15.6715
0  1
-20.089  -67.5778
0  1
-70.7574  -1.37346
0  1
18.7498  68.1022
0  1
-56.3833  42.1796
0  1
-68.967  15.405
0  1
41.0673  -57.0422
0  1
51.5825  -47.917
0  1
17.295  68.1123
0  1
-21.8349  67.5851
0  1
-10.4297  -69.5305
0  1
68.3304  16.5482
0  1
67.6878  19.8808
0  1
49.3368  50.9585
0  1
-70.641  -3.06393
0  1
61.4869  -35.3908
0  1
63.7043  30.1621
0  1
-1.34434  70.6958
0  1
-51.5937  -48.1893
0  1
14.9462  -68.9912
0  1
-47.4074  52.5293
0  1
43.5935  55.6445
0  1
-24.545  66.5444
0  1
58.7523  38.9039
0  1
37.9425  -59.9416
0  1
-60.297  -37.1541
0  1
-21.269  -67.1547
0  1
65.6975  -26.3026
0  1
63.3291  -31.2363
0  1
-4.84557  70.4259
0  1
-13.7069  69.4247
0  1
-24.6603  66.5462
0  1
-67.953  19.8679
0  1
-58.5958  39.342
0  1
-54.2316  -45.6714
0  1
42.4197  56.7935
0  1
61.9425  33.5371
0  1
20.3761  -67.5909
0  1
67.9479  -19.2704
0  1
65.1181  -27.3609
0  1
41.0719  -57.6638
0  1
38.8573  59.1257
0  1
-54.7791  44.4422
0  1
62.6932  -33.0853
0  1
68.7469  16.6875
0  1
-23.2289  66.5798
0  1
-65.3409  -26.8555
0  1
60.9381  35.91
0  1
-32.3889  -63.3249
0  1
-0.930918  70.3881
0  1
69.8039  10.898
0  1
-30.7552  63.5669
0  1
-39.2961  -58.221
0  1
54.4855  -45.1483
0  1
47.3899  52.2218
0  1
-70.0157  8.93148
0  1
-42.2424  -56.4326
0  1
-29.6232  -64.4438
0  1
-47.1112  -52.017
0  1
69.2373  11.7383
0  1
-26.7213  65.3051
0  1
69.2913  -11.285
0  1
-11.8293  69.617
0  1
-70.0497  -9.50391
0  1
-69.6228  13.0704
0  1
-27.2287  -65.243
0  1
65.05  27.0278
0  1
-23.6804  66.5031
0  1
-16.6599  68.5826
0  1
68.3632  -16.9438
0  1
-57.8198  40.9173
0  1
61.2834  35.1427
0  1
70.2885  -9.03464
0  1
43.0229  -56.2317
0  1
-2.21056  70.4774
0  1
-61.7681  34.1547
0  1
-10.8225  69.5404
0  1
-14.4051  69.3251
0  1
-70.3289  -2.74891
0  1
47.2174  -52.6452
0  1
19.6287  67.6619
0  1
-2.04995  70.3827
0  1
-40.7802  -57.3634
0  1
46.2745  53.7119
0  1
-20.9847  -67.1306
0  1
-47.3528  -52.8191
0  1
-69.9106  -9.67768
0  1
38.5859  59.0685
0  1
0.789656  70.8339
0  1
40.5397  57.5623
0  1
42.1611  -56.4759
0  1
-70.5039  -4.53403
0  1
22.1075  -67.3388
0  1
16.3032  68.653
0  1
-40.7143  57.1879
0  1
48.1904  -51.4302
0  1
14.7729  -68.8964
0  1
-30.558  63.5596
0  1
-24.8811  66.203
0  1
55.7681  43.5154
0  1
39.2861  58.7463
0  1
-70.7074  4.24555
0  1
-66.1311  25.2916
0  1
22.4562  66.8364
0  1
7.55737  -70.2007
0  1
-36.4413  60.4867
0  1
-63.5021  -30.6666
0  1
-0.640929  -70.7645
0  1
-65.0466  28.0317
0  1
45.0203  -54.1535
0  1
-70.3746  8.15926
0  1
-63.9064  -29.3399
0  1
-68.5729  -16.6188
0  1
-70.189  4.70005
0  1
31.5365  -62.986
0  1
59.316  38.1574
0  1
-61.5726  34.5725
0  1
40.9259  57.6302
0  1
-67.577  20.7839
0  1
-31.9941  -63.177
0  1
22.0194  67.1081
0  1
7.19815  70.2278
0  1
-51.884  48.0304
0  1
-11.7062  69.9831
0  1
55.447  -43.5407
0  1
50.1571  49.6914
0  1
58.2379  -39.6394
0  1
69.8801  -9.64134
0  1
-69.1081  -14.1434
0  1
69.8799  11.0595
0  1
34.4492  61.6376
0  1
-68.3526  16.7256
0  1
65.272  -27.6458
0  1
26.3702  65.8064
0  1
-38.0224  -59.2849
0  1
14.0038  69.3975
0  1
40.6065  -57.9604
0  1
-40.2739  57.85
0  1
-32.7775  62.479
0  1
-57.4589  -40.6602
0  1
31.2175  -63.1272
0  1
-21.5794  67.3652
0  1
-52.2207  48.2955
0  1
59.9686  -37.5684
0  1
-18.9548  -68.1875
0  1
-22.5323  -66.9616
0  1
-59.357  -38.5933
0  1
-69.5642  -10.5025
0  1
70.2153  -7.7093
0  1
-44.0158  55.1161
0  1
-60.2329  37.4007
0  1
-69.8932  -8.84497
0  1
13.4904  -69.3424
0  1
-13.6177  -69.6059
0  1
70.1808  8.63977
572.226  590.416
0  2
66.1213  -24.8202
0  1
-5.41065  -70.2776
0  1
56.149  -42.5086
0  1
-6.88438  70.1957
0  1
68.5077  -16.2211
0  1
66.9475  -21.7727
0  1
57.955  -40.9341
0  1
59.6497  37.3498
0  1
70.3772  5.85738
0  1
23.8334  66.4822
0  1
68.2487  17.1761
0  1
-0.511351  70.9072
0  1
53.4618  -46.4273
0  1
-30.3011  63.9073
0  1
57.286  40.9438
0  1
-46.6853  52.6419
0  1
-7.342  70.2255
0  1
-62.6333  32.9882
0  1
49.9468  49.572
0  1
-60.3739  36.7216
0  1
69.9205  -10.0317
0  1
41.0018  57.4478
0  1
-60.9327  34.9765
0  1
69.8344  -9.61495
0  1
60.9619  -36.0217
0  1
-17.2409  68.3917
0  1
-69.8755  -9.44213
0  1
52.2325  -47.9557
0  1
-20.6518  67.1906
0  1
-30.8234  63.3612
0  1
-70.4674  -2.11598
0  1
8.0065  -69.8537
0  1
-67.4206  -19.8641
0  1
61.0649  -34.9403
0  1
-51.1619  -48.3297
0  1
-60.7041  -35.8602
0  1
-13.6794  69.3457
0  1
-36.3972  60.88
0  1
-42.7074  56.2924
0  1
23.0053  66.8043
0  1
-70.9009  1.76007
0  1
1.00171  70.9518
0  1
55.1327  43.9684
0  1
-59.0723  38.8148
0  1
-35.8963  60.4334
0  1
58.4694  39.2595
0  1
60.6118  -35.9419
0  1
3.50259  -70.9586
0  1
-30.8966  -63.8006
0  1
-28.0651  64.6178
0  1
63.0366  -31.5394
0  1
19.4282  -67.5584
0  1
-45.3319  54.6843
0  1
-60.8423  -36.2869
0  1
-56.5034  42.2129
0  1
-25.0417  65.8264
0  1
61.5974  -34.7953
0  1
-59.4059  37.6781
0  1
-69.3117  12.327
0  1
69.2683  -12.8738
0  1
-48.3731  -51.4375
0  1
-62.4989  33.1078
0  1
-48.0112  -51.7642
0  1
-42.9807  56.24
0  1
-31.9966  -62.8804
0  1
63.6831  31.1356
0  1
64.5206  29.8399
0  1
64.4508  -29.5579
0  1
-0.215767  70.8252
0  1
31.3738  -63.5171
0  1
43.0045  55.967
0  1
-57.5467  40.6831
0  1
53.7568  45.6042
0  1
42.6477  -55.9444
0  1
61.8166  34.7418
0  1
69.8462  11.2216
0  1
50.6987  -49.8319
0  1
69.923  8.71017
0  1
-67.1436  -21.9859
0  1
-67.3299  21.3099
0  1
13.2475  69.6751
0  1
62.2299  33.8698
0  1
-52.942  46.6622
0  1
-70.5559  -6.2588
0  1
29.144  64.0656
0  1
57.5879  41.1357
0  1
-52.248  -47.8929
0  1
-65.5759  25.4714
0  1
16.1143  -68.5166
0  1
-55.7661  -43.3325
0  1
-18.8577  -68.4754
0  1
-11.2179  -69.9328
0  1
22.3118  67.309
0  1
-70.4702  6.95948
0  1
-65.0968  27.2395
0  1
-70.835  2.75365
0  1
-30.6363  63.6386
0  1
26.0245  65.4324
0  1
8.98548  -69.864
0  1
42.6865  -56.3769
0  1
-0.404848  -70.3708
0  1
70.1756  -9.78275
0  1
45.7939  -54.1323
0  1
34.4578  61.4966
0  1
-67.2876  -21.895
0  1
57.1576  -41.8504
0  1
54.2474  44.9573
0  1
57.7115  -40.6393
0  1
46.5758  52.9567
0  1
-9.5406  69.9473
0  1
-1.33632  -70.3112
0  1
20.5967  67.4798
0  1
51.514  -48.0569
0  1
-69.4566  -13.0958
0  1
-45.3846  54.3895
0  1
-27.5125  65.2837
0  1
19.9619  -67.5389
0  1
9.22547  70.0263
0  1
-70.5576  2.01594
0  1
-17.8274  -68.3367
0  1
49.3407  50.6116
0  1
69.0856  -14.9542
0  1
-69.661  -12.6483
0  1
-36.6696  60.3142
0  1
-50.3538  49.8424
0  1
62.1899  34.5872
0  1
-61.7171  34.0643
0  1
61.2034  -35.239
0  1
35.4995  61.3324
0  1
67.8988  -19.4267
0  1
-70.7263  1.1254
0  1
70.8201  4.01124
0  1
-4.59255  70.3089
0  1
-26.9692  -65.5725
0  1
-21.7515  -67.4227
0  1
-56.6106  -42.6442
0  1
-53.1606  -46.739
0  1
59.7806  37.5188
0  1
-40.606  57.9189
0  1
-8.1821  -70.1776
0  1
-68.2538  -17.833
0  1
12.2341  69.5714
0  1
-62.4477  33.7635
0  1
5.25884  70.869
0  1
-34.0881  -62.2132
0  1
39.6662  58.8182
0  1
-70.3358  -4.10451
0  1
-0.654295  -70.773
0  1
-55.0727  44.033
0  1
-4.40892  -70.7285
0  1
69.5242  11.7477
0  1
-64.2855  29.5746
0  1
70.0023  8.37431
0  1
-64.9317  -28.1728
0  1
23.1175  -66.8504
0  1
63.19  32.5393
0  1
60.0191  37.7147
0  1
70.4638  2.62507
0  1
57.7168  40.1474
0  1
28.1889  -64.8788
0  1
-70.3909  8.01073
0  1
46.8599  52.6919
0  1
-25.411  -65.7845
0  1
-32.3418  -63.0114
0  1
-68.3573  17.6122
0  1
-30.2386  63.9829
0  1
-27.3705  65.2081
0  1
41.1322  -57.2723
0  1
8.7203  70.0185
0  1
-14.9082  -68.8716
0  1
59.0459  38.9091
0  1
-64.7007  -28.0655
0  1
-64.2885  28.6064
0  1
-38.5723  59.178
0  1
-25.4395  65.7234
0  1
30.8249  63.4711
0  1
-35.5458  -60.5916
0  1
66.9521  -23.4355
0  1
24.55  -66.0369
0  1
62.015  34.0053
0  1
-64.2309  -28.4127
0  1
25.5538  65.933
0  1
-53.2869  46.28
0  1
67.2256  20.7307
0  1
38.4142  -59.0856
0  1
56.6639  42.5169
0  1
20.0292  -67.3471
0  1
70.1015  -9.47514
0  1
24.1972  66.6839
0  1
-46.188  -53.3955
0  1
25.6524  -65.965
0  1
69.657  -11.5493
0  1
-70.0908  -11.1894
0  1
19.4899  -68.1552
0  1
-47.4457  -52.7681
0  1
50.8766  -48.8348
0  1
-70.5679  -2.86039
0  1
46.4794  -53.0242
0  1
59.8168  37.9493
0  1
16.7588  -68.5923
0  1
-52.8714  -46.6415
0  1
-61.7436  34.5378
0  1
64.8507  -27.97
0  1
-70.5749  4.55963
0  1
-0.388784  -70.7097
0  1
-2.56517  -70.5184
0  1
65.7236  -24.7905
0  1
-58.9914  38.2295
0  1
48.157  52.2361
0  1
70.2244  8.80984
0  1
-11.7897  -69.4033
0  1
56.3577  -42.308
0  1
34.8484  -61.2485
0  1
-62.5285  -33.228
0  1
68.9155  -16.0952
0  1
70.6451  4.91534
0  1
28.4245  64.6279
0  1
-49.8031  -50.6234
0  1
-41.684  -56.9022
0  1
64.3352  29.6672
0  1
35.082  -61.3564
0  1
69.6335  11.6555
0  1
46.5184  -53.1261
0  1
-41.2723  57.1729
0  1
66.5095  22.9779
0  1
-62.8261  31.6731
0  1
-40.7852  -57.6282
0  1
-70.5523  5.25044
0  1
-58.4502  39.7776
0  1
50.4138  49.8494
0  1
-33.5771  62.3545
0  1
-65.8225  -26.3406
0  1
-70.3113  -5.96024
0  1
35.0256  -61.4536
0  1
14.2916  -69.0436
0  1
16.5838  -68.3753
0  1
67.1467  -21.0101
0  1
-12.9514  69.7278
0  1
-0.0757911  -70.3474
0  1
-36.4818  -60.3287
0  1
25.0988  -66.3288
0  1
-69.9848  10.893
0  1
10.9148  -69.4854
0  1
-8.64517  -69.9353
0  1
59.0048  -38.8522
0  1
-69.7025  10.6718
0  1
-66.3079  -23.7418
0  1
56.9057  41.376
0  1
61.1643  -35.1803
0  1
-49.1511  -50.997
0  1
-70.2031  -7.09135
0  1
60.7162  -36.2991
0  1
-62.916  -31.4698
0  1
10.6944  -69.7791
0  1
55.8631  42.9084
0  1
-65.1633  27.7196
0  1
50.107  -49.8924
0  1
67.2686  -22.0671
0  1
-44.7578  -54.7659
0  1
-70.3977  6.8717
0  1
-63.2087  -31.2918
0  1
-34.083  -61.6759
0  1
40.8331  -57.3659
0  1
-70.666  4.57787
0  1
-68.4965  17.2331
0  1
-18.9803  68.245
0  1
48.4183  51.6242
0  1
-17.2739  -68.3184
0  1
-11.0643  69.5205
0  1
28.9561  -64.5796
0  1
-69.9383  -10.9127
0  1
70.5424  -9.14158
0  1
-57.3875  -41.0642
0  1
-62.8486  32.2545
0  1
64.6164  29.1753
0  1
70.7103  -4.85403
0  1
67.8816  20.2844
0  1
62.399  32.4829
0  1
-36.2636  -60.7221
0  1
-59.6708  -37.8124
0  1
58.9705  -38.7053
0  1
70.8653  -3.23233
0  1
-53.4463  -46.6604
0  1
-55.9087  43.0399
0  1
-16.4841  -68.8637
0  1
-58.4047  39.9678
0  1
-30.7921  63.7463
0  1
45.463  -54.2195
0  1
-60.8229  -36.3162
0  1
63.1305  -32.0565
0  1
38.45  -58.9812
0  1
26.7893  65.4442
0  1
46.3209  53.4694
0  1
66.7837  -23.5676
0  1
-63.7173  -31.375
0  1
-36.8526  60.1907
0  1
66.71  -23.1363
0  1
63.7956  -30.469
0  1
-70.5332  2.09365
0  1
60.2307  -36.7242
0  1
-30.5173  63.5079
0  1
68.5861  -17.4392
0  1
45.6859  54.028
0  1
20.2258  -67.4903
0  1
45.7296  53.7019
0  1
-69.3581  11.5468
0  1
43.1861  -56.0985
0  1
69.9943  -10.0289
0  1
60.5518  35.9856
0  1
69.454  11.4476
0  1
-60.0653  36.951
0  1
-54.81  -44.718
0  1
70.8365  0.861096
0  1
-35.1904  -61.3183
0  1
-29.4106  -63.8609
0  1
59.2263  38.5229
0  1
42.1589  -56.6207
0  1
-69.0605  15.8951
0  1
58.1651  -39.8214
0  1
-53.0863  46.3616
0  1
59.5875  37.6983
0  1
-54.2699  45.4909
0  1
-70.5192  -2.1827
0  1
-59.2445  38.248
0  1
14.4261  69.4029
0  1
70.4306  3.57636
0  1
-13.7372  69.1191
0  1
65.4794  26.6501
0  1
-66.8363  -22.868
0  1
70.4645  6.04084
0  1
-34.6387  61.5055
0  1
69.8822  9.77574
0  1
13.7481  69.002
0  1
69.0149  15.258
0  1
68.0489  18.7591
0  1
-43.1069  56.1829
0  1
-23.47  -66.6215
0  1
69.8644  9.15905
0  1
-21.9431  -67.2005
0  1
-18.2538  -68.0836
0  1
-64.7693  -27.8374
0  1
19.1476  67.8998
0  1
65.9969  25.8801
0  1
70.2011  -8.40626
0  1
67.4769  20.651
0  1
30.7459  63.5736
0  1
-18.7557  -67.9528
0  1
-48.1177  -51.6165
0  1
18.1219  67.8027
0  1
69.9624  9.33922
0  1
-17.7577  68.1632
0  1
9.95831  -69.8605
0  1
70.806  0.673441
0  1
-46.573  53.0466
0  1
37.9652  59.3874
0  1
-43.6306  55.3945
0  1
-35.7069  -61.3443
0  1
-67.1214  -21.6234
0  1
-2.30104  70.8298
0  1
-11.3293  -69.7848
0  1
61.3561  -35.4413
0  1
26.0825  -65.9522
0  1
70.8332  0.683931
0  1
-31.5958  63.1455
0  1
57.3496  41.5318
0  1
-53.9354  45.0286
0  1
44.0423  -54.8406
0  1
-68.9221  -14.1915
0  1
5.79087  -70.6699
0  1
-12.2804  69.3464
0  1
1.94855  70.359
0  1
-29.9243  64.3398
0  1
58.0838  40.7192
0  1
47.4156  -52.5558
0  1
68.9441  -15.3839
0  1
-58.2506  -39.9956
0  1
-70.2113  -4.52661
0  1
70.6804  -3.87744
0  1
68.746  -16.7984
0  1
32.8074  -62.3116
0  1
64.9287  27.8097
0  1
-31.4088  63.2225
0  1
-3.37933  70.2995
0  1
-33.1803  -62.4769
0  1
26.2113  65.6614
0  1
8.65184  70.209
0  1
-41.0952  57.3307
0  1
67.5576  21.2086
0  1
63.8501  -30.0745
0  1
70.8742  -1.08581
0  1
-34.2659  -62.0031
0  1
-66.9904  22.8465
0  1
-68.9553  -14.4325
0  1
25.1573  -66.2496
0  1
-32.5721  62.6875
0  1
-7.30415  -70.5857
0  1
50.332  49.4793
0  1
70.1702  8.29527
0  1
-59.9521  36.8737
0  1
-70.6247  3.32859
0  1
-58.7497  -39.7139
0  1
-47.4134  -52.204
0  1
-70.3056  -6.41147
0  1
-13.8414  69.2471
0  1
-0.0890223  70.3788
0  1
-27.0182  -65.6773
0  1
47.1061  52.963
0  1
3.53425  -70.4924
0  1
-43.5638  -55.4105
0  1
-62.9905  30.8343
0  1
-69.1547  14.3207
0  1
-66.2856  -23.5152
0  1
68.5246  -17.3938
0  1
21.7069  -67.1465
0  1
28.8393  -64.3103
0  1
8.00968  70.2846
0  1
48.5266  -51.5242
0  1
-58.4784  -40.0943
0  1
6.51334  70.3824
0  1
-70.3242  7.1688
0  1
-4.82484  70.597
0  1
-59.3674  38.4256
0  1
-68.2737  -19.0095
0  1
-68.3551  -18.2633
0  1
-30.9033  63.6088
0  1
10.729  69.9328
0  1
-24.9364  -66.4805
0  1
-13.8816  69.3577
0  1
68.9248  -15.0223
0  1
-40.1145  58.2979
0  1
60.1072  37.4374
0  1
-60.9049  -35.4245
0  1
69.3165  14.3299
0  1
63.5821  -30.465
0  1
-42.9613  56.322
0  1
-45.9028  53.7305
0  1
70.7064  4.08615
0  1
13.0978  -69.4982
0  1
12.4083  69.5908
0  1
11.5643  69.8954
0  1
-60.8369  -35.5398
0  1
-25.6218  65.904
0  1
47.8154  -51.9964
0  1
64.0186  -30.431
0  1
66.3288  -24.228
0  1
-19.4988  -68.044
0  1
-11.7431  69.8888
0  1
-16.673  68.8876
0  1
-60.4423  -35.9888
0  1
-19.9133  -67.5874
0  1
-56.7906  -42.4148
0  1
26.642  -65.3347
0  1
-17.0069  -68.226
304.961  -75.5063
0  2
-30.8579  -63.8244
0  1
-56.9336  41.789
0  1
-70.8131  3.06728
0  1
44.5878  -54.5855
0  1
-17.4681  -68.5334
0  1
-70.7829  2.80345
0  1
56.1091  -42.8143
0  1
-61.5674  34.4245
0  1
-18.3136  -68.5947
0  1
-48.76  51.1875
0  1
-67.8952  20.0758
0  1
20.4178  67.4595
0  1
-43.6244  -55.3115
0  1
-64.7832  28.3145
0  1
-54.2156  -45.5607
0  1
34.5036  -61.4866
0  1
60.3712  -36.4533
0  1
62.4473  -32.6906
0  1
-5.97502  70.4508
0  1
21.7653  -67.3391
0  1
-70.1168  5.58719
0  1
11.338  70.0401
0  1
0.402974  71.0182
0  1
37.5884  -60.0396
0  1
70.002  7.06859
0  1
2.55836  70.5756
0  1
-5.37494  70.4268
0  1
-18.3118  -68.1295
0  1
12.269  69.6064
0  1
-68.4974  -18.0562
0  1
9.14638  69.9669
0  1
36.8112  -60.0217
0  1
15.8086  -68.984
0  1
2.39769  -70.5078
0  1
0.436915  -70.721
0  1
48.8549  51.0794
0  1
61.9372  34.5985
0  1
55.288  43.387
0  1
64.3046  -30.0717
0  1
-62.9814  32.3413
0  1
68.4265  -16.5325
0  1
57.7865  41.0304
0  1
12.646  69.5115
0  1
-64.6093  29.0613
0  1
68.4348  16.9181
0  1
64.0412  30.1725
0  1
-13.9216  -69.3072
0  1
68.7927  -16.3089
0  1
-25.8566  65.6849
0  1
1.17855  70.4935
0  1
-34.2982  -61.4721
0  1
-30.8793  63.5393
0  1
-49.473  50.6866
0  1
-22.2627  66.6305
0  1
-60.9281  -35.7181
0  1
-41.8176  -57.0679
0  1
-19.0011  -68.3704
0  1
-67.6723  20.1981
0  1
21.7725  67.0667
0  1
69.5566  -12.8615
0  1
14.9685  -69.0431
0  1
61.668  34.3518
0  1
11.8268  -69.7737
0  1
-19.4457  67.842
0  1
-58.4641  39.3376
0  1
-55.6273  -44.0175
0  1
-36.3852  -60.4522
0  1
-23.1935  66.544
0  1
-70.1737  4.45743
0  1
-63.1179  -30.8504
0  1
-25.2043  65.8325
0  1
-64.903  27.5184
0  1
8.37615  -69.7799
0  1
67.4442  -21.1404
0  1
68.6497  -17.2748
0  1
70.2333  -8.9634
0  1
23.5483  -66.5006
0  1
68.0137  -18.2881
0  1
41.489  57.1853
0  1
-29.2626  -64.1824
0  1
10.5955  70.0156
0  1
35.3483  61.0331
0  1
-64.8046  28.1995
0  1
-52.0711  47.217
0  1
-70.0333  10.9729
0  1
51.699  47.5977
0  1
-57.1394  -42.149
0  1
-63.9406  29.6564
0  1
-66.2396  -25.0176
0  1
-45.6713  53.8274
0  1
43.8293  55.2299
0  1
-13.0218  69.2369
0  1
-60.5646  35.7994
0  1
-54.2978  45.0818
0  1
-55.5136  -43.6306
0  1
52.4307  -47.0708
0  1
-29.4665  64.6228
0  1
66.5953  -23.044
0  1
-8.00029  -69.7774
0  1
67.907  19.639
0  1
-5.91833  -70.4323
0  1
-70.0638  -10.2313
0  1
-25.0467  66.2041
0  1
64.7263  29.1683
0  1
65.0402  -27.5991
0  1
70.6985  -4.00062
0  1
68.3247  -16.2418
0  1
52.0181  -48.0568
0  1
70.5321  2.99056
0  1
64.4312  28.9805
0  1
68.834  -15.5354
0  1
63.7494  30.5938
0  1
30.1674  -64.0732
0  1
5.45223  70.1588
0  1
65.6928  26.0271
0  1
12.3222  -69.9229
0  1
-35.4084  61.2521
0  1
15.4588  68.9215
0  1
69.0057  -13.3108
0  1
47.3698  52.1235
0  1
64.0707  -29.8168
0  1
-16.8299  -68.9501
0  1
28.2485  64.7898
0  1
-58.8908  38.7246
0  1
42.7607  -56.3355
0  1
-44.9544  54.3466
0  1
-47.2006  -52.9928
0  1
25.136  66.0366
0  1
-59.264  -38.0767
0  1
43.5344  -55.7053
0  1
69.9924  -8.96616
0  1
-67.4695  -21.1217
0  1
-33.4935  62.0163
0  1
-65.1698  27.366
0  1
70.5868  5.01044
0  1
-39.7748  58.1265
0  1
37.7055  -59.5612
0  1
-44.6824  54.3589
0  1
-0.866311  -70.6965
0  1
43.426  -55.7712
0  1
56.6413  -42.728
0  1
-9.00256  69.774
0  1
20.4432  -67.3213
0  1
-50.1466  -49.6693
0  1
33.8481  -62.005
0  1
13.2826  -69.567
0  1
-62.3344  32.7724
0  1
68.1  18.951
0  1
70.383  -5.24216
0  1
-45.2098  54.3321
0  1
-31.5052  -63.2402
0  1
68.5467  -16.5548
0  1
1.56283  70.6296
0  1
-69.7018  -9.83748
0  1
-67.7022  20.3105
0  1
-70.6256  -3.4416
0  1
68.2148  -19.0924
0  1
-15.9193  -68.5663
0  1
64.2776  29.5838
0  1
-47.1945  -52.7666
0  1
-42.871  56.1739
0  1
-5.01594  70.5863
0  1
-53.8395  -45.7012
0  1
11.4952  69.8859
0  1
-56.1026  -43.2814
0  1
5.01298  70.6414
0  1
-9.91199  -69.8843
0  1
63.7839  30.9922
0  1
1.97768  -70.4743
0  1
-15.0401  -69.1664
0  1
38.3176  -59.4019
0  1
-41.6904  -56.841
0  1
64.0051  30.4223
0  1
-24.9274  66.0753
0  1
59.1436  -38.478
0  1
-60.9442  -35.6414
0  1
29.9133  -64.0784
0  1
-34.922  -61.5499
0  1
19.9346  67.8489
0  1
-48.2825  51.5599
0  1
-11.4332  -69.9086
0  1
19.5532  -67.5744
0  1
8.94409  -70.3097
0  1
-23.8275  -66.165
0  1
18.8038  67.8775
0  1
30.1181  63.8783
0  1
-35.7442  -61.0689
0  1
62.8643  -33.0831
0  1
7.98183  -70.2344
0  1
-17.7714  -68.2965
0  1
-68.2053  -19.3096
0  1
-68.0473  17.8113
0  1
-48.2342  -51.6235
0  1
-44.0591  -55.3554
0  1
47.0393  -52.7373
0  1
-68.3334  17.7675
0  1
68.5138  -16.8767
0  1
-60.3751  -37.5107
0  1
-66.5126  -23.4559
0  1
-17.4965  -68.3963
0  1
-5.17085  -70.3174
0  1
-40.8184  57.8922
0  1
29.0708  -63.9821
0  1
-26.2776  65.6808
0  1
-60.7523  36.0334
0  1
68.0983  -19.556
0  1
-56.1928  -43.0035
0  1
-22.6416  66.8261
0  1
-70.4546  4.16814
0  1
-41.8862  57.086
0  1
17.1798  -68.2101
0  1
-67.2012  21.9773
0  1
39.0364  58.5254
0  1
-23.3841  -66.3578
0  1
50.5781  -49.5399
0  1
-65.065  -26.7168
0  1
-58.4244  -39.2942
0  1
-40.2914  -57.9191
0  1
-70.3075  -6.85628
0  1
0.497266  -70.0866
0  1
-29.5324  -63.9934
0  1
69.6713  -10.8027
0  1
70.2114  8.27879
0  1
70.2372  -9.72509
0  1
-27.0241  65.3874
0  1
46.8976  -52.8322
0  1
70.369  4.80996
0  1
57.9134  40.176
0  1
18.7703  -68.3494
0  1
-60.2018  36.9367
0  1
42.1903  -56.4585
0  1
32.4961  -62.6329
0  1
-64.9951  -27.3548
0  1
-33.9879  61.3625
0  1
-63.2482  32.2776
0  1
69.8378  -9.43913
0  1
-6.21979  -70.7128
0  1
62.8553  31.9414
0  1
-70.6316  3.79928
0  1
22.7954  -66.5321
0  1
-43.0211  -55.6477
0  1
-70.3731  4.77893
0  1
-19.2156  -68.0239
0  1
-55.0268  -44.5671
0  1
19.62  67.6167
0  1
-69.7863  -11.1331
0  1
33.1353  -62.5489
0  1
9.00361  69.6625
0  1
48.8933  -50.7837
0  1
65.7279  25.4538
0  1
-66.9402  22.6079
0  1
47.431  -52.2174
0  1
51.1041  -48.3581
0  1
35.2145  -61.4824
0  1
68.0392  18.3911
0  1
-64.6144  27.7999
0  1
-34.1421  -62.1087
0  1
52.8379  46.5551
0  1
22.9431  66.3924
0  1
49.9453  50.114
0  1
67.1454  -21.6862
0  1
60.1678  -36.6182
0  1
70.6692  0.543902
0  1
-59.0147  -38.4904
0  1
-14.0601  69.4261
0  1
-29.889  -63.6295
0  1
-59.8671  37.4723
0  1
0.734307  -70.7207
0  1
-55.9185  -43.1561
0  1
37.7993  59.4177
0  1
46.3343  53.6264
0  1
-66.1173  24.6804
0  1
-68.0005  -19.0875
0  1
-32.8161  -62.5234
0  1
67.9374  -19.6733
0  1
36.248  -60.2272
0  1
-59.0725  39.3893
0  1
52.3355  -47.136
0  1
58.1322  40.4806
0  1
-0.304575  -70.8289
0  1
54.4856  44.5479
0  1
-23.0341  -67.0477
0  1
48.1358  -51.6443
0  1
69.3569  -11.4122
0  1
-68.8146  -14.5525
0  1
7.26814  -70.3275
0  1
67.9446  19.3865
0  1
-63.3144  -31.8829
0  1
50.7306  -49.4321
0  1
6.30958  70.7112
0  1
55.0393  44.678
0  1
-70.8599  2.54849
0  1
-17.6099  68.4599
0  1
-37.4165  59.9161
0  1
-69.5021  12.8538
0  1
-69.9296  9.47647
0  1
40.8515  57.619
0  1
69.3177  -13.3558
0  1
32.7908  62.3796
0  1
70.2271  -4.1664
0  1
-56.7845  41.5465
0  1
7.80698  -69.7617
0  1
-68.0414  19.2625
0  1
-70.1045  8.37362
0  1
-52.4122  47.8513
0  1
28.2577  -64.7112
0  1
-63.0089  31.3571
0  1
41.9253  -56.6996
0  1
-49.4049  -50.7785
0  1
-7.74917  -70.0829
0  1
-24.7499  -66.1843
0  1
69.2794  14.9133
0  1
33.8062  -61.8506
0  1
-11.224  -69.5979
0  1
53.7053  45.7949
0  1
-44.8763  54.5989
0  1
13.1642  69.0757
-125.317  543.633
0  2
61.671  -34.0255
0  1
-54.3002  -45.2349
0  1
58.2112  40.361
0  1
0.397328  70.5067
-487.467  -566.265
0  2
-33.5309  -61.9321
0  1
19.6287  -67.8227
0  1
61.5946  34.0562
0  1
-22.1895  67.1282
0  1
2.67451  70.5691
0  1
58.4079  -39.4892
0  1
-34.0866  62.0425
0  1
-44.8029  54.5573
0  1
-70.1467  -9.98939
0  1
-14.6133  69.1356
0  1
-67.6331  21.1387
0  1
10.3723  -69.8346
0  1
61.4832  34.7047
0  1
45.4927  -53.4859
0  1
65.5331  26.404
0  1
48.6374  51.3268
0  1
-5.31527  -70.3257
0  1
36.82  -60.3071
0  1
-29.5702  -64.3374
0  1
-70.709  -3.21287
0  1
69.4379  10.7906
0  1
-34.3269  61.4362
0  1
-68.8741  -16.5479
0  1
-66.3856  -24.7352
0  1
-33.4928  -62.3649
0  1
29.323  64.5147
0  1
-69.7861  8.86398
0  1
-54.6255  -44.4594
0  1
-20.3681  -67.8359
0  1
65.7722  -25.4594
0  1
-35.8182  -60.5645
0  1
4.04765  -70.4272
0  1
42.842  55.7289
0  1
-37.5152  -59.4014
0  1
-58.935  -39.0841
0  1
50.6656  -49.5293
0  1
54.5843  44.6676
0  1
5.96085  -70.2043
0  1
68.9255  15.9506
0  1
65.0317  -27.1762
0  1
-65.5832  -25.9325
0  1
36.8203  -60.2833
0  1
-30.7119  63.5791
0  1
-13.8406  69.2676
0  1
-27.597  -65.1761
0  1
-34.3017  -62.0139
0  1
44.4108  54.7081
0  1
-31.0799  -63.289
0  1
70.7715  -3.1828
0  1
0.655325  -70.4132
0  1
63.3945  31.4828
0  1
-47.9443  51.8442
0  1
69.4149  14.2657
0  1
70.325  -1.74822
0  1
70.5679  6.22693
0  1
70.5987  -2.47956
0  1
62.1928  34.219
0  1
-58.1664  -40.4085
0  1
-49.8365  -50.2741
0  1
55.8279  43.222
0  1
63.788  30.9892
0  1
-68.4161  -18.0845
0  1
-5.38843  -70.2971
0  1
-69.4972  -14.3887
0  1
70.8208  3.16392
0  1
-59.2162  38.2686
0  1
35.3579  -61.2849
0  1
-66.5598  22.924
0  1
29.5531  63.8379
0  1
33.3508  62.3539
0  1
-17.8816  -68.5546
0  1
-44.944  -54.9504
0  1
24.6786  65.8949
0  1
-70.5273  2.85033
0  1
38.8978  58.819
0  1
-4.63777  -70.3285
0  1
67.401  19.9473
0  1
68.5698  16.9152
0  1
38.4125  58.9187
0  1
-70.3365  -3.27933
0  1
-58.3571  39.7885
0  1
54.1593  -45.7908
0  1
48.6252  -50.8268
0  1
-34.212  61.9782
0  1
57.8297  -40.5324
0  1
