  G176     6    23     0    41   288.596    2.4026
  G175     6    23     1    41   352.944   2.45314
  G150     6    23     2    41   324.313   2.03209
  G149     6    23     3    41   439.547   2.24977
  G148     6    23     4    41   367.085   2.47818
  G147     6    23     5    41   592.206   2.57829
  G146     6    23     6    41   621.757   2.33719
  G145     6    23     7    41   457.939   2.48708
  G120     6    23     8    41   370.684   2.04621
  G119     6    23     9    41   514.885    2.2519
  G118     6    23    10    41   451.812   2.35924
  G117     6    23    11    41   368.373    2.5633
  G116     6    23    12    41   521.595   2.47733
  G115     6    23    13    41   531.109   2.02404
   G90     6    23    14    41    544.71   2.21082
   G89     6    23    15    41   627.074   2.12978
   G88     6    23    16    41   475.424   1.85071
   G87     6    23    17    41   498.624   2.18483
   G86     6    23    18    41   358.592   2.43141
   G85     6    23    19    41   368.376   2.04977
   G60     6    23    20    41   506.609   2.06688
   G59     6    23    21    41   601.521   2.51468
   G58     6    23    22    41   581.742   2.51199
   G57     6    23    23    41   609.424   2.18892
   G56     6    23    24    41   391.115   2.32166
   G55     6    23    25    41    230.68   2.44281
   G30     6    23    26    41   430.549   2.24635
   G29     6    23    27    41   328.432   1.87978
   G28     6    23    28    41   516.754   2.41726
   G27     6    23    29    41   412.049   2.94398
   G26     6    23    30    41   388.358    2.5712
   G25     6    23    31    41   371.643   2.36693
  G626     6    23    32    56   310.101   1.45484
  G625     6    23    33    56   476.147   1.36656
  G600     6    23    34    56   419.587   1.32417
  G599     6    23    35    56   301.455    1.3653
  G598     6    23    36    56   570.854   1.34515
  G597     6    23    37    56   522.973   1.49143
  G596     6    23    38    56   493.876   1.57674
  G595     6    23    39    56   408.467   1.56365
  G570     6    23    40    56   515.409    1.3063
  G569     6    23    41    56   362.805   1.32057
  G568     6    23    42    56   477.022   1.28994
  G567     6    23    43    56   386.671   1.44172
  G566     6    23    44    56   545.534   1.56483
  G565     6    23    45    56   435.981   1.34435
  G540     6    23    46    51    566.26   1.39821
  G539     6    23    47    51    476.44   1.50705
  G538     6    23    48    51   339.403   1.57441
  G537     6    23    49    51   428.801   1.33139
  G536     6    23    50    51   437.881   1.62686
  G535     6    23    51    51   345.685   1.46762
  G510     6    23    52    51   538.133   1.55687
  G509     6    23    53    51   422.812   1.46999
  G508     6    23    54    51   388.559   1.77157
  G507     6    23    55    51   608.273   1.79179
  G506     6    23    56    51   318.481    1.5185
  G505     6    23    57    51   382.812   1.09311
  G480     6    23    58    51   438.748   1.93365
  G479     6    23    59    51   291.935   1.99906
  G478     6    23    60    51   487.478   2.11689
  G477     6    23    61    51   502.999   2.13771
  G476     6    23    62    51   479.388   2.19041
  G475     6    23    63    51   515.222   2.45382
  G205     6    21     0    46   245.725   2.18252
  G180     6    21     1    41   275.226   2.00001
  G179     6    21     2    41   253.357   2.59583
  G178     6    21     3    41   254.182   2.45991
  G177     6    21     4    41   346.123    2.3594
  G298     6    21     6    46   361.184   2.05892
  G297     6    21     7    46   275.558   1.71552
  G296     6    21     8    46   340.075   2.16998
  G295     6    21     9    46   286.442   1.99956
  G270     6    21    10    46   268.705   1.91927
  G269     6    21    11    46    234.88   1.56834
  G268     6    21    12    46   290.318   1.66151
  G267     6    21    13    46   314.776   2.35922
  G266     6    21    14    46   296.769   1.77004
  G265     6    21    15    46   343.263   1.74395
  G240     6    21    16    46   374.408   1.98253
  G239     6    21    17    46   290.275   1.97593
  G238     6    21    18    46   259.001   2.14493
  G237     6    21    19    46   203.875   2.18575
  G236     6    21    20    46   353.798   2.22357
  G235     6    21    21    46   428.354   2.62271
  G210     6    21    22    46    409.21   2.32294
  G209     6    21    23    46   492.413   2.19968
  G208     6    21    24    46     329.6   2.24007
  G207     6    21    25    46   288.986   1.99911
  G206     6    21    26    46   224.154   2.46782
  G655     6    21    32    56   286.904   1.55145
  G630     6    21    33    56   282.717   1.31732
  G629     6    21    34    56   218.071    1.3677
  G628     6    21    35    56   231.828   1.58895
  G627     6    21    36    56   347.559    1.5493
  G748     6    21    38    61   304.773   1.21238
  G747     6    21    39    61   275.636   1.24133
  G746     6    21    40    61   299.062   1.41126
  G745     6    21    41    61    323.28   1.29887
  G720     6    21    42    56   265.774   1.41137
  G719     6    21    43    56   276.694   1.50228
  G718     6    21    44    56   270.153   1.52533
  G717     6    21    45    56   241.167    1.4825
  G716     6    21    46    56   281.458   1.74482
  G715     6    21    47    56   279.382   1.66598
  G690     6    21    48    56   270.144   1.55927
  G689     6    21    49    56   254.696   1.63359
  G688     6    21    50    56   221.255    1.8152
  G687     6    21    51    56   267.521   1.64267
  G686     6    21    52    56   351.258   1.88432
  G685     6    21    53    56   311.141   1.76422
  G660     6    21    54    56   239.593   1.74638
  G659     6    21    55    56   385.622   1.73295
  G658     6    21    56    56   293.954   1.70605
  G657     6    21    57    56    248.12   1.63869
  G656     6    21    58    56   222.471   1.71756
  G450     6    19     0    51   363.473   1.83917
  G449     6    19     1    51   340.847   2.00965
  G448     6    19     2    51   271.659   2.23948
  G447     6    19     3    51   253.508   2.30499
  G446     6    19     4    51   425.026   2.40749
  G445     6    19     5    51   386.032   2.26807
  G420     6    19     6    51   403.117   1.82753
  G419     6    19     7    51   370.445   2.15081
  G418     6    19     8    51   331.759   2.19863
  G417     6    19     9    51   343.008   2.15553
  G416     6    19    10    51   342.979   2.20173
  G415     6    19    11    51   283.543   2.63725
  G390     6    19    12    51   425.625   1.95805
  G389     6    19    13    51   359.236   1.99152
  G388     6    19    14    51   351.844   2.56309
  G387     6    19    15    51   415.254   2.48655
  G386     6    19    16    51    344.57   1.93887
  G385     6    19    17    51   292.395   2.19593
  G360     6    19    18    46   267.781    1.6366
  G359     6    19    19    46   274.443   1.68516
  G358     6    19    20    46   403.947   1.75141
  G357     6    19    21    46   444.391   1.95663
  G356     6    19    22    46   445.387   2.04277
  G355     6    19    23    46   527.703    2.1477
  G330     6    19    24    46   345.329    1.6531
  G329     6    19    25    46   246.032   2.23115
  G328     6    19    26    46   227.075   1.62691
  G327     6    19    27    46   274.996   1.87476
  G326     6    19    28    46   445.455   2.28162
  G325     6    19    29    46   377.207   1.83816
  G300     6    19    30    46   391.622   1.95009
  G299     6    19    31    46   372.012   2.16898
  G900     6    19    32    61   364.192  0.984068
  G899     6    19    33    61   362.509    1.3073
  G898     6    19    34    61    304.89   1.29966
  G897     6    19    35    61   299.615   1.17122
  G896     6    19    36    61   404.358   1.29702
  G895     6    19    37    61   423.828   1.25073
  G870     6    19    38    61   447.131   1.22422
  G869     6    19    39    61   385.408   1.37046
  G868     6    19    40    61   401.987   1.04612
  G867     6    19    41    61   348.621   1.31256
  G866     6    19    42    61   373.838   1.14529
  G865     6    19    43    61   344.688   1.59571
  G840     6    19    44    61   405.151   1.32049
  G839     6    19    45    61   440.096   1.35098
  G838     6    19    46    61   412.835   1.36598
  G837     6    19    47    61   448.335   1.58522
  G836     6    19    48    61   359.259   1.15358
  G835     6    19    49    61   313.886   1.41261
  G810     6    19    50    61   269.738   1.12355
  G809     6    19    51    61   327.447   1.28064
  G808     6    19    52    61   465.183   1.11773
  G807     6    19    53    61   494.074   1.42282
  G806     6    19    54    61   441.853   1.39971
  G805     6    19    55    61   443.025   1.34972
  G780     6    19    56    61   314.426   1.13913
  G779     6    19    57    61   272.844   1.20274
  G778     6    19    58    61   283.848   1.16624
  G777     6    19    59    61   257.528   1.28712
  G776     6    19    60    61   473.056   1.39349
  G775     6    19    61    61   441.521   1.34723
  G750     6    19    62    61   473.656   1.38085
  G749     6    19    63    61    419.61   1.47436
  W168     6    17     0     6   348.007   1.15093
  W169     6    17     1     6   482.367   1.24847
  W135     6    17     2     6   325.447    1.2646
  W136     6    17     3     6   259.261   1.31198
  W102     6    17     4     6   513.375   1.20721
  W134     6    17     5     6   491.784   1.31596
  W100     6    17     6     6   460.694   1.25151
  W101     6    17     7     6   487.755   1.34704
   W67     6    17     8     6   417.668   1.13321
   W68     6    17     9     6    515.53   1.23161
   W34     6    17    10     6   400.963   1.20377
   W66     6    17    11     6   452.136   1.29645
   W32     6    17    12     6    579.23    1.2423
   W33     6    17    13     6   467.575   1.26047
  G173     6    17    14    40   479.266    1.4611
  G174     6    17    15    40   605.294   1.41226
  G144     6    17    16    40   473.665   1.25615
  G172     6    17    17    40   342.477   1.32099
  G142     6    17    18    40   291.353   1.20165
  G143     6    17    19    40   269.963   1.68457
  G113     6    17    20    40   523.938   1.28594
  G114     6    17    21    40   512.663   1.55398
   G84     6    17    22    40   561.844   1.37127
  G112     6    17    23    40   588.926   1.69124
   G82     6    17    24    40   501.486   1.35379
   G83     6    17    25    40   334.502   1.50513
   G53     6    17    26    40   326.781   1.35848
   G54     6    17    27    40   378.584   1.66882
   G24     6    17    28    40   523.077    1.5799
   G52     6    17    29    40   537.531   1.71523
   G22     6    17    30    40    527.56   1.77204
   G23     6    17    31    40   392.706   1.96012
  W847     6    17    32    30   397.282   0.85757
  W848     6    17    33    30   438.145  0.840392
  W845     6    17    34    30   522.382  0.878971
  W846     6    17    35    30   390.215  0.827881
  W815     6    17    36    30   591.855  0.833386
  W816     6    17    37    30   408.534  0.906817
  W813     6    17    38    30   422.981  0.989012
  W814     6    17    39    30   582.544    0.9923
  W811     6    17    40    30   403.781  0.874526
  W812     6    17    41    30   394.212  0.829175
  W781     6    17    42    30   440.584  0.851328
  W782     6    17    43    30   272.645  0.892595
  W779     6    17    44    30   460.299   1.05495
  W780     6    17    45    30   490.095   0.97882
  W777     6    17    46    30   462.607   1.02654
  W778     6    17    47    30   574.627  0.990519
  W747     6    17    48    24   465.035   0.76899
  W748     6    17    49    24   284.126  0.819163
  W714     6    17    50    24    406.99  0.868623
  W746     6    17    51    24   288.837  0.867987
  W712     6    17    52    24   503.203  0.857286
  W713     6    17    53    24   435.587   1.05545
  W679     6    17    54    24   462.395   1.10014
  W680     6    17    55    24   437.902   1.10761
  W646     6    17    56    24   362.778  0.830013
  W678     6    17    57    24   351.652  0.846774
  W644     6    17    58    24   325.026  0.934062
  W645     6    17    59    24   295.903   1.00969
  W611     6    17    60    24   602.921   1.11823
  W612     6    17    61    24   623.686    1.1371
  W578     6    17    62    18   556.135   1.20526
  W610     6    17    63    24   430.367   1.21889
  W236     6    15     0    12    523.55    1.1166
  W233     6    15     1    12   373.031   1.16163
  W234     6    15     2    12    470.68   1.32268
  W203     6    15     3     6   323.458   1.31638
  W204     6    15     4     6   453.631    1.1365
  W170     6    15     5     6   484.366   1.27845
  W202     6    15     6     6   533.459   1.38945
  W305     6    15    10    12   398.926   1.17625
  W306     6    15    11    12   278.387   1.33486
  W303     6    15    12    12   399.351   1.29733
  W304     6    15    13    12   478.598    1.2952
  W301     6    15    14    12   354.471   1.35534
  W302     6    15    15    12   589.033   1.42727
  W271     6    15    16    12   381.436  0.869711
  W272     6    15    17    12   489.965   1.22357
  W269     6    15    18    12    317.13   13.7556
  W270     6    15    19    12   367.129   0.96813
  W267     6    15    20    12   355.801  0.949109
  W268     6    15    21    12   507.507   1.23638
  W237     6    15    22    12   477.695   1.14804
  W238     6    15    23    12   612.613   1.11616
  W235     6    15    24    12   448.729  0.836753
  W882     6    15    32    30   550.937  0.876261
  W879     6    15    33    30   449.667  0.895795
  W880     6    15    34    30   425.767  0.978639
  W849     6    15    35    30   479.723  0.851859
  W850     6    15    36    30   424.069  0.851639
  W986     6    15    40    36   509.129  0.931792
 W1018     6    15    41    36   452.266  0.961474
  W984     6    15    42    36   481.037  0.949884
  W985     6    15    43    36   351.372   1.03058
  W951     6    15    44    30   519.617   1.11027
  W952     6    15    45    30   583.208  0.940716
  W949     6    15    46    30   422.813   1.06201
  W950     6    15    47    30   369.254   1.01276
  W947     6    15    48    30   548.903  0.823951
  W948     6    15    49    30   446.334  0.941603
  W917     6    15    50    30   424.498  0.894263
  W918     6    15    51    30   302.227  0.994182
  W915     6    15    52    30    454.39  0.900999
  W916     6    15    53    30   640.443   1.09092
  W913     6    15    54    30   648.812   1.18924
  W914     6    15    55    30   608.973   1.12908
  W883     6    15    56    30   465.523  0.839265
  W884     6    15    57    30   443.516  0.897681
  W881     6    15    58    30   359.597  0.981203
  W576     6    13     0    18   306.128   1.08957
  W577     6    13     1    18   248.897   1.07684
  W543     6    13     2    18   331.805   1.16675
  W544     6    13     3    18   273.732   1.17845
  W510     6    13     4    18   394.431   1.11137
  W542     6    13     5    18   310.408   1.20802
  W508     6    13     6    18   370.469   1.29696
  W509     6    13     7    18   350.806   1.28263
  W475     6    13     8    18   352.062   1.04857
  W476     6    13     9    18   354.977   1.09877
  W442     6    13    10    18   381.224   1.20526
  W474     6    13    11    18   346.629   1.25272
  W440     6    13    12    18   396.515   1.16243
  W441     6    13    13    18   425.933   1.25337
  W407     6    13    14    12   336.743   1.33068
  W408     6    13    15    12   442.749   1.44053
  W405     6    13    16    12   328.724  0.901047
  W406     6    13    17    12   294.221   0.93807
  W403     6    13    18    12   204.788   1.01458
  W404     6    13    19    12   223.878   1.01717
  W373     6    13    20    12   416.909  0.907019
  W374     6    13    21    12   488.786   1.09378
  W371     6    13    22    12   398.181   1.16595
  W372     6    13    23    12   397.734   1.20283
  W369     6    13    24    12   271.266  0.922845
  W370     6    13    25    12    272.98  0.949693
  W339     6    13    26    12   221.002   1.02281
  W340     6    13    27    12   277.886   1.01963
  W337     6    13    28    12   294.565   1.14554
  W338     6    13    29    12    370.84   1.19094
  W335     6    13    30    12    451.32   1.24873
  W336     6    13    31    12    298.43   1.31262
  G893     6    13    32    60    344.36   1.24398
  G894     6    13    33    60   398.946  0.987975
  G864     6    13    34    60   346.487   1.43978
  G892     6    13    35    60    273.46   1.16873
  G862     6    13    36    60   408.775   1.15463
  G863     6    13    37    60   372.066   1.34766
  G833     6    13    38    60   434.513    1.3535
  G834     6    13    39    60   424.443   1.35512
  G804     6    13    40    60   383.628   1.37708
  G832     6    13    41    60   364.404   5.56787
  G802     6    13    42    60   302.199   1.36247
  G803     6    13    43    60   302.698   1.29837
  G773     6    13    44    60   444.284   1.50634
  G774     6    13    45    60   438.383   1.43997
  G744     6    13    46    60   360.803   1.34707
  G772     6    13    47    60   455.267   1.35255
  G742     6    13    48    60   353.834   1.17576
  G743     6    13    49    60    294.11   1.34065
 W1155     6    13    50    36   275.419  0.919441
 W1156     6    13    51    36   273.011   1.01448
 W1122     6    13    52    36   381.635  0.933139
 W1154     6    13    53    36   448.816   1.19182
 W1120     6    13    54    36   379.586   1.28193
 W1121     6    13    55    36   387.482   1.24721
 W1087     6    13    56    36   303.613  0.939709
 W1088     6    13    57    36   332.129   1.00965
 W1054     6    13    58    36   280.331   1.04003
 W1086     6    13    59    36   365.071   1.17987
 W1052     6    13    60    36   430.524   1.16894
 W1053     6    13    61    36   408.444   1.28955
 W1019     6    13    62    36     412.9   1.30918
 W1020     6    13    63    36   345.276   1.38366
  W197     6    11     0     5   524.445   1.10019
  W196     6    11     1     5   546.117   1.14366
  W167     6    11     2     6   504.034   1.15543
  W166     6    11     3     6   482.656   1.19373
  W165     6    11     4     6   666.038   1.09086
  W164     6    11     5     5   598.879   1.19834
  W163     6    11     6     5   672.119   1.17815
  W162     6    11     7     5   617.894   1.23787
  W133     6    11     8     6   583.977   1.01439
  W132     6    11     9     6   587.059   1.08984
  W131     6    11    10     6   559.852    1.1639
  W130     6    11    11     5   549.084   1.14336
  W129     6    11    12     5   624.575   1.03816
  W128     6    11    13     5   627.332   1.09583
   W99     6    11    14     6   575.375   1.16407
   W98     6    11    15     6   636.006   1.27055
   W97     6    11    16     6   595.908  0.817896
   W96     6    11    17     5    544.37  0.821968
   W95     6    11    18     5   434.741   0.85724
   W94     6    11    19     5   473.749  0.858428
   W65     6    11    20     6   623.214  0.848456
   W64     6    11    21     6   612.082   1.10243
   W63     6    11    22     6    657.72   1.09719
   W62     6    11    23     5    727.33   1.11795
   W61     6    11    24     5   520.687  0.811439
   W60     6    11    25     5   527.045  0.845054
   W31     6    11    26     6   484.869  0.993296
   W30     6    11    27     6   512.309  0.932597
   W29     6    11    28     6   667.788    1.1424
   W28     6    11    29     5   554.854   1.75696
   W27     6    11    30     5   634.273   1.22134
   W26     6    11    31     5   617.227   1.19237
  W642     6    11    32    24   567.638  0.749332
  W639     6    11    33    23   561.184  0.741175
  W640     6    11    34    23   568.559  0.774251
  W609     6    11    35    24   557.891  0.794135
  W638     6    11    36    23   612.324  0.800233
  W607     6    11    37    24   613.309  0.787456
  W608     6    11    38    24   676.526  0.939695
  W742     6    11    41    23   543.853  0.811022
  W711     6    11    42    24   534.126  0.829416
  W740     6    11    43    23   511.002  0.866357
  W709     6    11    44    24   637.209   1.00799
  W710     6    11    45    24   615.335  0.890561
  W707     6    11    46    23    558.83  0.982384
  W708     6    11    47    23   624.886  0.928063
  W677     6    11    48    24   512.136   0.80959
  W706     6    11    49    23   449.154   0.89811
  W675     6    11    50    24   438.254   0.96937
  W676     6    11    51    24   453.419   0.96165
  W673     6    11    52    23   584.531  0.953443
  W674     6    11    53    23   619.118   1.14257
  W643     6    11    54    24   612.771   1.22914
  W672     6    11    55    23   638.611   1.25626
  W641     6    11    56    24   526.711   0.84384
  W232     6     9     0    11   463.669   1.11204
  W231     6     9     1    11   392.064   1.13644
  W230     6     9     2    11   412.192   1.18378
  W201     6     9     3     6   419.073   1.25629
  W200     6     9     4     6   494.337   1.13689
  W199     6     9     5     6    521.86   1.15395
  W198     6     9     6     5   591.615   1.20642
  W434     6     9     9    17   478.716    1.0997
  W402     6     9    10    11   485.579   1.17929
  W401     6     9    11    11   457.584     1.193
  W400     6     9    12    11   527.773   1.01093
  W368     6     9    13    11   534.596    1.0655
  W367     6     9    14    11    472.29   1.19286
  W366     6     9    15    11   504.315   1.21885
  W334     6     9    16    11    397.65   0.83015
  W333     6     9    17    11   376.947  0.826645
  W332     6     9    18    11   369.773  0.879873
  W300     6     9    19    11   349.666  0.862007
  W299     6     9    20    11   466.508  0.825321
  W298     6     9    21    11   547.634  0.968131
  W266     6     9    22    11    550.42  0.953411
  W265     6     9    23    11   516.482  0.985901
  W264     6     9    24    11   412.071  0.868095
 W1013     6     9    32    35   448.265   0.76232
 W1016     6     9    33    36   462.483  0.782978
  W983     6     9    34    36   473.726  0.824845
 W1014     6     9    35    35   440.948  0.792176
  W981     6     9    36    36   485.965  0.828376
 W1012     6     9    37    35   472.679  0.848544
  W979     6     9    38    35   559.467  0.896892
  W982     6     9    39    36   498.425   0.90653
  W946     6     9    40    29   482.771  0.788105
  W980     6     9    41    35   476.178  0.830752
  W944     6     9    42    29   438.945  0.836293
  W978     6     9    43    35   397.314  0.886105
  W911     6     9    44    29   504.526  0.925244
  W945     6     9    45    29   533.956  0.892069
  W878     6     9    46    29   481.568  0.849818
  W912     6     9    47    29   493.802  0.896745
  W876     6     9    48    29   432.279  0.780329
  W910     6     9    49    29   410.246    0.8684
  W843     6     9    50    29    383.24  0.894859
  W877     6     9    51    29   393.357  0.954424
  W810     6     9    52    29   512.303  0.843263
  W844     6     9    53    29   567.285    1.0669
  W808     6     9    54    29   556.991    1.1123
  W842     6     9    55    29   612.919   1.13823
  W775     6     9    56    29   452.111  0.885781
  W809     6     9    57    29    423.43  0.857586
  W745     6     9    58    24   400.752  0.919748
  W776     6     9    59    29   420.594  0.917822
  W743     6     9    60    24   562.817  0.972066
  W774     6     9    61    29   566.649   1.12426
  W741     6     9    62    23    546.02   1.11289
  W744     6     9    63    24   502.449   1.20207
  W605     6     7     0    23   433.649   22.0054
  W606     6     7     1    23   261.115   1.30589
  W575     6     7     2    18   455.068   18.9953
  W604     6     7     3    23   495.403   2.81293
  W573     6     7     4    18   464.516   1.11238
  W574     6     7     5    18   581.673    1.3344
  W571     6     7     6    17   447.807   1.30444
  W572     6     7     7    17    520.51   1.36469
  W541     6     7     8    18   514.907   1.27007
  W570     6     7     9    17   335.441   1.18456
  W539     6     7    10    18   423.388   1.26702
  W540     6     7    11    18    369.54   1.47793
  W537     6     7    12    17   501.954   1.29238
  W538     6     7    13    17   434.466   1.27093
  W507     6     7    14    18    539.42   1.40135
  W536     6     7    15    17   607.415   1.59188
  W505     6     7    16    18   512.284    1.2419
  W506     6     7    17    18    263.71   1.03483
  W503     6     7    18    17   390.726   1.20366
  W504     6     7    19    17   323.631   1.26765
  W473     6     7    20    18   341.867   1.13175
  W502     6     7    21    17    506.88   1.33888
  W471     6     7    22    18    583.77   1.50088
  W472     6     7    23    18   668.693   1.44887
  W469     6     7    24    17    259.24   1.13995
  W470     6     7    25    17   299.582   1.30408
  W439     6     7    26    18   247.674    1.3335
  W468     6     7    27    17   287.735   1.39055
  W437     6     7    28    18   654.322   1.21333
  W438     6     7    29    18   559.022   1.55167
  W435     6     7    30    17   391.541   1.62638
  W436     6     7    31    17   444.469   1.56072
 W1050     6     7    32    36   293.258  0.849705
 W1017     6     7    33    36   431.212  0.942221
 W1048     6     7    34    35    456.86  0.949625
 W1015     6     7    35    36   309.616   0.95667
 W1046     6     7    36    35    449.39  0.865812
 W1151     6     7    38    36   417.816   1.01022
 W1153     6     7    39    36   450.585   1.14746
 W1149     6     7    40    35   405.339  0.903146
 W1152     6     7    41    36   302.668  0.857891
 W1119     6     7    42    36   481.756  0.952538
 W1150     6     7    43    35    514.34   1.05736
 W1117     6     7    44    36   427.329   1.02622
 W1148     6     7    45    35   420.142   1.03532
 W1115     6     7    46    35   513.785   1.08037
 W1118     6     7    47    36   574.337   1.10469
 W1085     6     7    48    36   301.711  0.805709
 W1116     6     7    49    35   461.391   1.04024
 W1083     6     7    50    36    239.56  0.902646
 W1114     6     7    51    35   337.333   1.10127
 W1081     6     7    52    35   709.853   1.08079
 W1084     6     7    53    36   462.932   1.04689
 W1051     6     7    54    36   448.355   1.14082
 W1082     6     7    55    35   547.475   1.17698
 W1049     6     7    56    36   358.898  0.920161
 W1080     6     7    57    35   525.432  0.950113
 W1047     6     7    58    35   475.902      1.19
   W92     6     5     0     5   454.275   1.30074
   W91     6     5     1     5   474.075   1.34482
   W90     6     5     2     4   256.656   1.38764
   W89     6     5     3     4   339.058   1.47819
   W59     6     5     4     5   437.697   1.18576
   W58     6     5     5     5   471.173   1.34774
   W57     6     5     6     5   508.685   1.50329
   W56     6     5     7     4   512.039   1.37096
   W55     6     5     8     4   433.213   1.32686
   W25     6     5     9     5   313.429   1.42292
   W24     6     5    10     5   363.776   1.51724
   W23     6     5    11     5   466.057   1.43032
   W22     6     5    12     4    507.55   1.54608
   W21     6     5    13     4   505.133   1.49736
  G171     6     5    14    40   523.778   1.65966
  G170     6     5    15    40   514.632   1.78368
  G169     6     5    16    40    335.39    1.1559
  G141     6     5    17    40    369.87   1.20937
  G140     6     5    18    40   366.171   1.55489
  G139     6     5    19    40   315.742   1.31259
  G111     6     5    20    40   392.227   1.22421
  G110     6     5    21    40   598.131   1.50972
  G109     6     5    22    40   518.478    1.6269
   G81     6     5    23    40   610.209   1.43144
   G80     6     5    24    40   523.716    1.2509
   G79     6     5    25    40    372.05    1.3016
   G51     6     5    26    40   380.593   1.45966
   G50     6     5    27    40   338.977     1.315
   G49     6     5    28    40   425.802   1.51807
   G21     6     5    29    40   466.579   1.62696
   G20     6     5    30    40   438.776   1.67216
   G19     6     5    31    40   558.407    1.6917
  W704     6     5    32    23   502.753  0.861444
  W670     6     5    33    23   447.427  0.949033
  W671     6     5    34    23   377.392     1.039
  W637     6     5    35    23   455.436   1.01108
  W669     6     5    36    23   561.535   1.05272
  W635     6     5    37    23   493.985  0.918681
  W636     6     5    38    23   522.661   1.08615
  W875     6     5    41    29   565.848   1.14584
  W841     6     5    42    29   468.732   1.00742
  W873     6     5    43    29   412.324   1.05959
  W839     6     5    44    29   424.885   1.41828
  W840     6     5    45    29   417.686   1.27615
  W806     6     5    46    29   444.109   1.16998
  W807     6     5    47    29    579.59   1.15193
  W773     6     5    48    29   569.228   0.89095
  W805     6     5    49    29   487.132  0.969086
  W771     6     5    50    29   493.855    1.0665
  W772     6     5    51    29   281.825   1.06336
  W738     6     5    52    23   371.858  0.978316
  W739     6     5    53    23   443.092   1.05158
  W705     6     5    54    23   689.366   1.12744
  W737     6     5    55    23   464.152   1.25359
  W703     6     5    56    23   478.964  0.899106
  W127     5    23     0     5    369.97   1.04866
  W126     5    23     1     5   307.333   1.05969
  W125     5    23     2     5   286.844   1.11534
  W124     5    23     3     4   298.323   1.07388
  W123     5    23     4     4   401.516     1.007
  W122     5    23     5     4   376.539   1.06588
   W93     5    23     6     5   374.095   1.07722
  W261     5    23     9    11   312.106   1.06393
  W229     5    23    10    11   301.968   1.11094
  W228     5    23    11    11   312.756   1.15829
  W227     5    23    12    11   400.487   1.04331
  W195     5    23    13     5    441.09   1.08255
  W194     5    23    14     5   396.214   1.26514
  W193     5    23    15     5   394.166   1.23914
  W192     5    23    16     4    338.05  0.778907
  W191     5    23    17     4    288.81  0.817205
  W190     5    23    18     4   225.982  0.836034
  W161     5    23    19     5   206.691  0.830263
  W160     5    23    20     5    410.42  0.821974
  W159     5    23    21     5   423.845  0.891754
  W158     5    23    22     4   389.932  0.913671
  W157     5    23    23     4    481.32  0.930564
  W156     5    23    24     4   283.934  0.824225
 W1079     5    23    32    35   356.427  0.812296
 W1111     5    23    33    35   330.744  0.791373
 W1077     5    23    34    35   361.479  0.792441
 W1109     5    23    35    34   335.276  0.814705
 W1075     5    23    36    34   337.048  0.804906
 W1078     5    23    37    35   394.783  0.862576
 W1044     5    23    38    35   402.745  0.902767
 W1076     5    23    39    34   428.555  0.980096
 W1042     5    23    40    34   337.543  0.765359
 W1045     5    23    41    35   304.474  0.833357
 W1040     5    23    42    34   292.386   0.83512
 W1043     5    23    43    35   281.115  0.877786
 W1010     5    23    44    35   364.047  0.974428
 W1041     5    23    45    34   313.304  0.911155
 W1008     5    23    46    34    350.12   1.01466
 W1011     5    23    47    35   378.074  0.953618
 W1006     5    23    48    34   322.696   0.75318
 W1009     5    23    49    35   258.119  0.804234
  W976     5    23    50    35   264.955  0.790884
 W1007     5    23    51    34   290.971  0.824669
  W974     5    23    52    34   377.499  0.800954
  W977     5    23    53    35   422.188  0.909751
  W972     5    23    54    34    372.89   0.96418
  W975     5    23    55    35   489.386  0.960771
  W942     5    23    56    29   289.758  0.813837
  W973     5    23    57    34   306.147  0.803152
  W909     5    23    58    29   258.088  0.888939
  W943     5    23    59    29   302.001  0.923638
  W907     5    23    60    29   428.593   1.00186
  W941     5    23    61    29   407.281   1.04664
  W874     5    23    62    29   448.587   1.03208
  W908     5    23    63    29    311.56    1.0485
  W602     5    21     0    23   488.239   1.09409
  W603     5    21     1    23    351.74     1.157
  W569     5    21     2    17    428.37   1.18475
  W601     5    21     3    23    426.56    1.2172
  W567     5    21     4    17    370.41   1.06153
  W568     5    21     5    17   551.393   1.15564
  W534     5    21     6    17   554.258   1.19297
  W535     5    21     7    17   566.637   1.14996
  W501     5    21     8    17   538.172    1.0762
  W533     5    21     9    17   430.526   1.17142
  W499     5    21    10    17   367.322   1.17715
  W500     5    21    11    17    421.76   1.19301
  W466     5    21    12    17   484.217   1.09143
  W467     5    21    13    17   411.653   1.11809
  W433     5    21    14    17   429.109   1.21561
  W465     5    21    15    17   435.971   1.29589
  W431     5    21    16    17   308.085  0.822654
  W432     5    21    17    17   335.551  0.908873
  W398     5    21    18    11   339.965  0.978115
  W399     5    21    19    11   298.705  0.956712
  W365     5    21    20    11   549.297  0.963416
  W397     5    21    21    11   471.212   1.00934
  W363     5    21    22    11   514.187   1.13623
  W364     5    21    23    11   603.095   1.16498
  W330     5    21    24    11   448.142  0.862858
  W331     5    21    25    11   471.534  0.943869
  W297     5    21    26    11   326.107  0.969304
  W329     5    21    27    11   324.355  0.966792
  W295     5    21    28    11   597.977   1.11067
  W296     5    21    29    11   512.467   1.23588
  W262     5    21    30    11   570.111   1.32752
  W263     5    21    31    11   479.419   1.34645
 W1146     5    21    32    35   336.302  0.796978
 W1112     5    21    33    35   505.243  0.867832
 W1144     5    21    34    34   490.975  0.903012
 W1110     5    21    35    34   468.229   0.85047
 W1113     5    21    36    35   616.032  0.838054
  G889     5    21    38    60   460.204   1.45885
  G891     5    21    39    60   271.096   1.38171
  G860     5    21    40    60     479.6   1.31209
  G890     5    21    41    60   587.522   1.36028
  G831     5    21    42    60   521.968   1.28244
  G861     5    21    43    60   540.857   1.20217
  G829     5    21    44    60   567.618   1.45357
  G859     5    21    45    60   426.843   1.60338
  G800     5    21    46    60   570.904   1.43543
  G830     5    21    47    60   508.449    1.2625
  G771     5    21    48    60   453.457   1.18116
  G801     5    21    49    60   506.488   1.17375
  G769     5    21    50    60   484.528   1.32425
  G799     5    21    51    60   224.422   1.44829
  G740     5    21    52    60   575.396    1.4573
  G770     5    21    53    60   573.314   1.31401
 W1147     5    21    54    35   681.039   1.11679
  G741     5    21    55    60   488.566    1.4134
 W1145     5    21    56    35   339.625  0.868327
  G739     5    21    57    60    406.67   1.41543
 W1143     5    21    58    34   331.554  0.935206
  W155     5    19     0     4    272.69  0.981638
  W188     5    19     1     4   275.784   1.10975
  W121     5    19     2     4   275.839   1.19335
  W154     5    19     3     4    254.63   1.25279
   W88     5    19     4     4   344.331   1.07694
  W120     5    19     5     4    314.86   1.14992
   W86     5    19     6     4   368.752   1.25724
   W87     5    19     7     4   353.802   1.31739
   W53     5    19     8     4   302.608   1.08836
   W54     5    19     9     4   270.882   1.06601
   W20     5    19    10     4   258.441   1.17434
   W52     5    19    11     4   229.427   1.26017
   W18     5    19    12     4   379.603   1.11623
   W19     5    19    13     4   348.762   1.10162
  G167     5    19    14    39   337.539   1.32125
  G168     5    19    15    39   361.987   1.33883
  G138     5    19    16    39   313.735   1.07051
  G166     5    19    17    39   266.004    1.0367
  G136     5    19    18    39   255.635   1.06725
  G137     5    19    19    39   245.839   1.21228
  G107     5    19    20    39   365.176   1.04295
  G108     5    19    21    39   393.557    1.2468
   G78     5    19    22    39   369.159   1.32056
  G106     5    19    23    39   447.299   1.41433
   G76     5    19    24    39   261.483   1.07127
   G77     5    19    25    39   253.257   1.16017
   G47     5    19    26    39   236.781   1.04853
   G48     5    19    27    39   207.701   1.16562
   G18     5    19    28    39   380.715   1.37873
   G46     5    19    29    39   319.837   1.42994
   G16     5    19    30    39   377.068   1.42896
   G17     5    19    31    39   310.514   1.54171
  W800     5    19    32    28   452.631  0.837339
  W801     5    19    33    28   257.778  0.834882
  W769     5    19    34    28   235.322  0.790471
  W770     5    19    35    28   232.121  0.815773
  W767     5    19    36    28    364.48  0.850558
  W768     5    19    37    28   349.833  0.880641
  W736     5    19    38    22    393.66  0.938209
  W766     5    19    39    28   374.432  0.974221
  W734     5    19    40    22   497.181  0.788845
  W735     5    19    41    22   312.133  0.808763
  W732     5    19    42    22   353.471  0.815055
  W733     5    19    43    22   259.808  0.814021
  W701     5    19    44    22   418.266   1.02538
  W702     5    19    45    22   388.595  0.973148
  W699     5    19    46    22   304.086  0.998332
  W700     5    19    47    22   375.261   1.02139
  W668     5    19    48    22   288.278  0.781312
  W698     5    19    49    22    294.62  0.854696
  W666     5    19    50    22    247.89  0.863203
  W667     5    19    51    22   263.931   0.91496
  W664     5    19    52    22   436.001  0.858085
  W665     5    19    53    22   445.749   1.15723
  W633     5    19    54    22   407.178   1.25088
  W634     5    19    55    22   433.284   1.25371
  W631     5    19    56    22   299.986  0.859838
  W632     5    19    57    22   314.393  0.853901
  W600     5    19    58    22   263.118  0.923601
  W630     5    19    59    22   290.651   0.92688
  W598     5    19    60    22   490.976   1.12392
  W599     5    19    61    22   406.898   1.20501
  W566     5    19    62    16    430.76   1.19598
  W597     5    19    63    22   423.589   1.28024
  W257     5    17     0    10    267.58    1.0395
  W225     5    17     1    10   432.998   1.05861
  W226     5    17     2    10   301.754   1.11745
  W223     5    17     3    10   409.692   1.12654
  W224     5    17     4    10   373.186   1.02081
  W189     5    17     5     4   419.442   1.15316
  W222     5    17     6    10   528.671   1.17569
  W328     5    17    10    10   486.694   1.20101
  W358     5    17    11    10   302.639   1.18081
  W326     5    17    12    10   544.335   1.20873
  W327     5    17    13    10   600.653   1.10783
  W324     5    17    14    10   425.767   1.17489
  W325     5    17    15    10   499.761   1.14634
  W293     5    17    16    10   394.467  0.761221
  W294     5    17    17    10   506.663  0.835896
  W291     5    17    18    10   470.657  0.822074
  W292     5    17    19    10   358.966  0.791284
  W260     5    17    20    10   409.012   0.84593
  W290     5    17    21    10   641.317   1.07371
  W258     5    17    22    10   463.312   1.12743
  W259     5    17    23    10   479.461   1.12107
  W256     5    17    24    10   312.409  0.868534
  W836     5    17    32    28   322.574  0.822386
  W804     5    17    33    28   471.175  0.783791
  W834     5    17    34    28   519.529  0.816075
  W802     5    17    35    28   342.376  0.808986
  W803     5    17    36    28   485.044  0.845717
  W940     5    17    40    28   513.641  0.792642
  W970     5    17    41    34   346.629  0.906655
  W938     5    17    42    28    483.82  0.861353
  W939     5    17    43    28   363.266  0.908032
  W936     5    17    44    28   472.342  0.980392
  W937     5    17    45    28   471.509   0.94976
  W905     5    17    46    28   410.273   1.12179
  W906     5    17    47    28   430.817   0.97129
  W903     5    17    48    28   510.688  0.841186
  W904     5    17    49    28   475.673  0.872303
  W872     5    17    50    28   354.904  0.876041
  W902     5    17    51    28   416.838   0.90461
  W870     5    17    52    28   469.911   0.94414
  W871     5    17    53    28   554.243   1.10657
  W868     5    17    54    28    661.49   1.20013
  W869     5    17    55    28   574.001    1.2077
  W837     5    17    56    28   397.421  0.828485
  W838     5    17    57    28   425.514  0.895767
  W835     5    17    58    28   238.666  0.934404
  W564     5    15     0    16   552.804  0.979102
  W565     5    15     1    16    389.61   1.05925
  W532     5    15     2    16   453.278   1.23886
  W563     5    15     3    16   435.195    1.1633
  W530     5    15     4    16   531.476  0.980139
  W531     5    15     5    16   452.052   1.15763
  W528     5    15     6    16   390.569   1.20777
  W529     5    15     7    16   500.471   1.20883
  W497     5    15     8    16   360.081  0.964664
  W498     5    15     9    16   348.792   1.01738
  W495     5    15    10    16   400.212   1.08897
  W496     5    15    11    16   288.976   1.07998
  W464     5    15    12    16   523.583   1.04096
  W494     5    15    13    16    420.63   1.05801
  W462     5    15    14    16   469.143   1.23788
  W463     5    15    15    16   572.111   1.22535
  W460     5    15    16    16   529.257  0.746747
  W461     5    15    17    16   334.947  0.817563
  W429     5    15    18    16   261.171  0.865322
  W430     5    15    19    16   442.389  0.932147
  W427     5    15    20    16   454.694   0.83645
  W428     5    15    21    16   484.011  0.940651
  W396     5    15    22    10     658.8  0.985647
  W426     5    15    23    16     618.8  0.991529
  W394     5    15    24    10   545.114  0.790136
  W395     5    15    25    10   362.507    0.9223
  W392     5    15    26    10   331.308  0.988244
  W393     5    15    27    10   320.135   0.93882
  W361     5    15    28    10    599.02   1.11321
  W362     5    15    29    10   515.132   1.20953
  W359     5    15    30    10   613.454   1.33227
  W360     5    15    31    10   518.263   1.32664
  G887     5    15    32    59   421.641   1.02438
  G888     5    15    33    59   359.533   1.00912
  G858     5    15    34    59   476.445   1.08538
  G886     5    15    35    59   454.436   1.05081
  G856     5    15    36    59   300.081   1.12585
  G857     5    15    37    59   463.155   1.11358
  G827     5    15    38    59     390.6   1.26658
  G828     5    15    39    59   436.685   1.01258
  G798     5    15    40    59   404.647   1.05888
  G826     5    15    41    59    563.45    1.0823
  G796     5    15    42    59    377.23   1.37681
  G797     5    15    43    59    530.61   1.25591
  G767     5    15    44    59   633.002   1.23697
  G768     5    15    45    59   424.671   1.10601
  G738     5    15    46    59   565.898   1.23305
  G766     5    15    47    59   647.339   1.14748
  G736     5    15    48    59   528.926  0.944785
  G737     5    15    49    59   447.384   1.09755
 W1141     5    15    50    34   471.541  0.930359
 W1142     5    15    51    34   277.014  0.978329
 W1108     5    15    52    34   559.245  0.948114
 W1140     5    15    53    34   432.558    1.0086
 W1106     5    15    54    34   522.888   1.15699
 W1107     5    15    55    34   585.382   1.19736
 W1073     5    15    56    34   499.478  0.888872
 W1074     5    15    57    34   396.569   1.00381
 W1039     5    15    58    34   405.436   1.03827
 W1072     5    15    59    34   368.324   1.04461
 W1005     5    15    60    34   597.493   1.11853
 W1038     5    15    61    34   571.497   1.19681
  W971     5    15    62    34   430.524   1.20889
 W1004     5    15    63    34   425.081   1.29313
  W153     5    13     0     3   443.956   1.07194
  W186     5    13     1     3   551.025   1.11785
  W119     5    13     2     3   418.277   1.16522
  W152     5    13     3     3   357.168    1.1652
   W85     5    13     4     3   485.792   1.09629
  W118     5    13     5     3   315.338   1.10342
   W83     5    13     6     3   540.301   1.22766
   W84     5    13     7     3   349.412   1.18505
   W50     5    13     8     3   460.734   1.02608
   W51     5    13     9     3   515.294   1.09448
   W17     5    13    10     3   294.776    1.1768
   W49     5    13    11     3   315.208   1.19747
   W15     5    13    12     3   525.592   1.12466
   W16     5    13    13     3   551.279   1.07963
  G164     5    13    14    39   408.714   1.62601
  G165     5    13    15    39   449.961   1.54727
  G135     5    13    16    39   495.694   1.08541
  G163     5    13    17    39   383.368   1.30702
  G133     5    13    18    39   469.083   1.17723
  G134     5    13    19    39   267.119   1.37419
  G104     5    13    20    39   377.893   1.25427
  G105     5    13    21    39   535.034   1.43713
   G75     5    13    22    39    389.07   1.22156
  G103     5    13    23    39   503.122   1.54506
   G73     5    13    24    39   310.519     1.166
   G74     5    13    25    39   295.236   1.33077
   G44     5    13    26    39   256.161   1.10857
   G45     5    13    27    39    324.83   1.36916
   G15     5    13    28    39   528.588   1.52931
   G43     5    13    29    39   381.445   1.61527
   G13     5    13    30    39   607.666   1.66787
   G14     5    13    31    39   434.722   1.60584
  W795     5    13    32    27   343.753  0.802769
  W796     5    13    33    27    377.71  0.918521
  W764     5    13    34    27   319.079  0.856061
  W765     5    13    35    27   364.184  0.915682
  W762     5    13    36    27   498.321  0.862323
  W763     5    13    37    27   444.646  0.935199
  W731     5    13    38    21   446.477  0.981512
  W761     5    13    39    27   343.684   1.06965
  W729     5    13    40    21   387.562  0.821777
  W730     5    13    41    21   478.954  0.885016
  W727     5    13    42    21    430.38  0.945807
  W728     5    13    43    21   455.681  0.885386
  W696     5    13    44    21   537.287   1.03483
  W697     5    13    45    21   581.218  0.915965
  W694     5    13    46    21    557.24   0.99182
  W695     5    13    47    21   573.864    1.0064
  W663     5    13    48    21   407.418  0.822515
  W693     5    13    49    21   341.647  0.874155
  W661     5    13    50    21   465.382  0.854614
  W662     5    13    51    21   363.405  0.951813
  W659     5    13    52    21   562.149  0.882541
  W660     5    13    53    21   553.346   1.16894
  W628     5    13    54    21   549.202   1.25133
  W629     5    13    55    21   398.864   1.18761
  W626     5    13    56    21   469.299  0.929782
  W627     5    13    57    21   387.253  0.910128
  W594     5    13    58    21   320.058  0.919141
  W625     5    13    59    21    224.19  0.973595
  W592     5    13    60    21   472.313   1.17663
  W593     5    13    61    21   580.515    1.3029
  W560     5    13    62    15   621.165   1.31583
  W591     5    13    63    21   567.899   1.39249
  W252     5    11     0     9   499.911   1.10675
  W220     5    11     1     9    517.47   1.19756
  W221     5    11     2     9   427.222   1.20917
  W218     5    11     3     9   263.653   1.15248
  W219     5    11     4     9   512.967   1.04595
  W187     5    11     5     3   580.048    1.1769
  W217     5    11     6     9   450.893   1.24999
  W323     5    11    10     9   484.866   1.22668
  W353     5    11    11     9   290.726   1.21461
  W321     5    11    12     9   422.491   1.12574
  W322     5    11    13     9   534.258   1.16795
  W319     5    11    14     9   490.116   1.46213
  W320     5    11    15     9   631.111   1.39888
  W288     5    11    16     9   545.424  0.783371
  W289     5    11    17     9   457.543  0.886377
  W286     5    11    18     9   454.945  0.865587
  W287     5    11    19     9   344.291  0.946229
  W255     5    11    20     9   505.364  0.850072
  W285     5    11    21     9    690.43  0.989397
  W253     5    11    22     9   455.527   1.01981
  W254     5    11    23     9   465.918   1.09204
  W251     5    11    24     9   528.222  0.808567
  W831     5    11    32    27   408.776   0.80102
  W799     5    11    33    27   311.283  0.803605
  W829     5    11    34    27   461.421  0.841592
  W797     5    11    35    27   401.284  0.768117
  W798     5    11    36    27   423.898  0.812219
  W935     5    11    40    27   462.059  0.775325
  W968     5    11    41    33   481.769  0.912935
  W933     5    11    42    27   427.081  0.890658
  W934     5    11    43    27   308.627  0.839385
  W931     5    11    44    27   399.992  0.888358
  W932     5    11    45    27   490.983  0.908399
  W900     5    11    46    27   531.362  0.907695
  W901     5    11    47    27   456.796  0.910321
  W898     5    11    48    27   520.278  0.763711
  W899     5    11    49    27   471.113  0.825045
  W867     5    11    50    27   393.548  0.826034
  W897     5    11    51    27   497.317  0.805546
  W865     5    11    52    27   448.069  0.820394
  W866     5    11    53    27   499.825  0.995971
  W863     5    11    54    27   592.817   1.03087
  W864     5    11    55    27   485.968   1.12012
  W832     5    11    56    27   377.009  0.807034
  W833     5    11    57    27   615.789   0.84478
  W830     5    11    58    27   340.451  0.874902
  W558     5     9     0    15   347.713   1.08748
  W559     5     9     1    15   266.225   1.09888
  W527     5     9     2    15   278.259   1.17818
  W557     5     9     3    15   332.745   1.15291
  W525     5     9     4    15   312.934   1.00496
  W526     5     9     5    15   426.949   1.10048
  W523     5     9     6    15   457.216   1.19141
  W524     5     9     7    15   443.422    1.1993
  W492     5     9     8    15   371.087   1.05988
  W493     5     9     9    15    285.68   1.14565
  W490     5     9    10    15   317.638   1.24665
  W491     5     9    11    15   237.445   1.19765
  W459     5     9    12    15   394.447   1.07394
  W489     5     9    13    15    424.92   1.08434
  W457     5     9    14    15   343.004   1.21417
  W458     5     9    15    15   338.279    1.2308
  W455     5     9    16    15   332.805  0.800651
  W456     5     9    17    15   297.059  0.811513
  W424     5     9    18    15   239.526  0.797978
  W425     5     9    19    15    232.53  0.851122
  W422     5     9    20    15   425.333  0.868957
  W423     5     9    21    15    470.58   1.06176
  W391     5     9    22     9   389.538   1.13734
  W421     5     9    23    15   484.111   1.17478
  W389     5     9    24     9   264.189  0.810351
  W390     5     9    25     9   245.767  0.900891
  W387     5     9    26     9   270.663  0.906154
  W388     5     9    27     9    219.76  0.970259
  W356     5     9    28     9   405.165   1.11251
  W357     5     9    29     9   417.087   1.17752
  W354     5     9    30     9   344.263   1.26142
  W355     5     9    31     9   411.511   1.28978
  G884     5     9    32    59   351.898   1.29776
  G885     5     9    33    59   296.006   1.20517
  G855     5     9    34    59   374.202   1.46691
  G883     5     9    35    59    284.08   1.57418
  G853     5     9    36    59   333.942   1.70467
  G854     5     9    37    59    360.02   1.56263
  G824     5     9    38    59   408.491    1.5931
  G825     5     9    39    59   357.143   1.58005
  G795     5     9    40    59   364.015   1.41266
  G823     5     9    41    59    310.48   1.62849
  G793     5     9    42    59   312.796   1.76656
  G794     5     9    43    59   278.394   1.66751
  G764     5     9    44    59   431.185   1.80847
  G765     5     9    45    59   392.995   1.43785
  G735     5     9    46    59   347.234    1.4545
  G763     5     9    47    59   386.013   1.84728
  G733     5     9    48    59   351.372   1.44909
  G734     5     9    49    59   308.777   1.68685
 W1138     5     9    50    33   292.612  0.979162
 W1139     5     9    51    33   320.377  0.997361
 W1105     5     9    52    33   377.502   0.97151
 W1137     5     9    53    33    414.57   1.16427
 W1103     5     9    54    33   422.956   1.21828
 W1104     5     9    55    33   467.254   1.27727
 W1070     5     9    56    33   359.853  0.888633
 W1071     5     9    57    33   292.464  0.981814
 W1037     5     9    58    33   328.511  0.957652
 W1069     5     9    59    33   267.893   1.07788
 W1003     5     9    60    33     460.8   1.19001
 W1036     5     9    61    33   412.915   1.29327
  W969     5     9    62    33   449.153   1.29887
 W1002     5     9    63    33   394.185   1.35466
   W81     5     7     0     3   542.321    1.2189
   W80     5     7     1     2   433.391   1.22707
   W79     5     7     2     2   514.064   1.30741
   W78     5     7     3     2    299.33   1.27013
   W48     5     7     4     3   520.344   1.18029
   W47     5     7     5     3   512.906   1.29101
   W46     5     7     6     2   577.346    1.3231
   W45     5     7     7     2   513.544   1.31498
   W44     5     7     8     2   281.105   1.13722
   W14     5     7     9     3   520.558    1.2721
   W13     5     7    10     3     581.1   1.37907
   W12     5     7    11     2   378.798   1.41833
   W11     5     7    12     2   553.582   1.22134
   W10     5     7    13     2   439.288   1.30202
  G162     5     7    14    38   434.881   1.90115
  G161     5     7    15    38   458.604   2.22016
  G160     5     7    16    38   697.627   1.47183
  G132     5     7    17    38    444.25   1.29274
  G131     5     7    18    38   397.095    1.8623
  G130     5     7    19    38   243.729    1.3987
  G102     5     7    20    38   440.966    1.3975
  G101     5     7    21    38   649.723   1.99119
  G100     5     7    22    38   495.836   1.92971
   G72     5     7    23    38   456.406   1.22111
   G71     5     7    24    38   365.021   1.67643
   G70     5     7    25    38   473.326   22.5335
   G42     5     7    26    38   377.867   1.72932
   G41     5     7    27    38   292.005   1.37499
   G40     5     7    28    38   460.381   1.70274
   G12     5     7    29    38   511.353   1.93443
   G11     5     7    30    38   452.556   1.79808
   G10     5     7    31    38   599.048   1.63579
  W691     5     7    32    20   326.903  0.793253
  W657     5     7    33    20   459.979  0.863309
  W658     5     7    34    20   360.701  0.776141
  W624     5     7    35    20   421.489  0.850078
  W656     5     7    36    20   428.167  0.832162
  W622     5     7    37    20    496.65  0.980577
  W623     5     7    38    20   445.075  0.935077
  W862     5     7    41    26   478.193  0.919605
  W828     5     7    42    26   493.686  0.917109
  W860     5     7    43    26   477.397  0.915817
  W826     5     7    44    26   626.927   1.05339
  W827     5     7    45    26   431.263   1.02423
  W793     5     7    46    26   416.994  0.932302
  W794     5     7    47    26   504.949  0.929594
  W760     5     7    48    26   516.551  0.903575
  W792     5     7    49    26   489.579   1.44083
  W758     5     7    50    26   375.207   0.94458
  W759     5     7    51    26   361.762  0.969065
  W725     5     7    52    20     530.4  0.843108
  W726     5     7    53    20   472.285  0.908211
  W692     5     7    54    20   520.297   1.00836
  W724     5     7    55    20   574.786   1.03662
  W690     5     7    56    20   466.398  0.831666
  W117     5     5     0     3   433.531   1.18322
  W116     5     5     1     3   433.122   1.19954
  W115     5     5     2     3   354.042   1.27178
  W114     5     5     3     2   403.171   1.23473
  W113     5     5     4     2   343.364   1.11445
  W112     5     5     5     2   330.411   1.22863
   W82     5     5     6     3   360.034   1.33379
  W248     5     5     9     8   431.725   1.10671
  W216     5     5    10     8   368.844   1.25012
  W215     5     5    11     8   400.588   1.19192
  W214     5     5    12     8   568.858   1.11524
  W185     5     5    13     3   461.595   1.18828
  W184     5     5    14     3   445.075   1.23203
  W183     5     5    15     3   356.984   1.27737
  W182     5     5    16     2   387.581  0.858731
  W181     5     5    17     2    433.93  0.959408
  W180     5     5    18     2   454.012  0.974861
  W151     5     5    19     3   303.434  0.975438
  W150     5     5    20     3   575.629  0.962819
  W149     5     5    21     3   523.764   1.09621
  W148     5     5    22     2   612.773    1.2033
  W147     5     5    23     2   564.648    1.1205
  W146     5     5    24     2   372.951  0.908467
 W1068     5     5    32    33   311.919  0.849001
 W1100     5     5    33    32   384.761  0.924661
 W1066     5     5    34    32    453.79   1.32348
 W1098     5     5    35    32   303.394  0.861219
 W1064     5     5    36    32   377.759  0.873518
 W1067     5     5    37    33   329.382  0.881431
 W1034     5     5    38    33   598.695  0.998006
 W1065     5     5    39    32   473.818  0.934096
 W1032     5     5    40    32   377.806  0.843164
 W1035     5     5    41    33   486.818  0.899288
 W1030     5     5    42    32   284.862  0.926028
 W1033     5     5    43    33   273.262  0.894574
 W1000     5     5    44    33   438.983   1.10231
 W1031     5     5    45    32   411.502  0.995034
  W998     5     5    46    32   363.141   1.06353
 W1001     5     5    47    33   428.229  0.986415
  W996     5     5    48    32   396.756  0.831005
  W999     5     5    49    33   361.144  0.853898
  W966     5     5    50    33   436.794  0.940585
  W997     5     5    51    32   394.893  0.981527
  W964     5     5    52    32   433.196  0.856075
  W967     5     5    53    33   589.692   1.05087
  W962     5     5    54    32   463.208   1.11682
  W965     5     5    55    33    372.97   1.13841
  W929     5     5    56    26   434.369  0.902113
  W963     5     5    57    32   343.905  0.982338
  W896     5     5    58    26   342.979   1.02566
  W930     5     5    59    26   420.041    1.0004
  W894     5     5    60    26   548.496   1.11802
  W928     5     5    61    26   481.561   1.18056
  W861     5     5    62    26    642.68   1.23809
  W895     5     5    63    26   453.001   1.33969
  W589     4    22     0    20   354.913   1.14225
  W590     4    22     1    20   365.479   1.12978
  W556     4    22     2    14   538.097   1.19652
  W588     4    22     3    20   315.951   1.26177
  W554     4    22     4    14   517.762   1.17272
  W555     4    22     5    14    640.73   1.49731
  W521     4    22     6    14   482.057   1.39273
  W522     4    22     7    14    585.95   1.40863
  W488     4    22     8    14   540.348   1.13182
  W520     4    22     9    14   361.275   1.19048
  W486     4    22    10    14   565.252   1.27381
  W487     4    22    11    14   404.439   1.28378
  W453     4    22    12    14   532.898   1.24784
  W454     4    22    13    14   454.903   1.34252
  W420     4    22    14    14   607.204   1.33973
  W452     4    22    15    14   525.869    1.4769
  W418     4    22    16    14   528.581  0.921288
  W419     4    22    17    14   348.396   1.01536
  W385     4    22    18     8   383.408   1.04065
  W386     4    22    19     8   418.701   1.04932
  W352     4    22    20     8   521.244  0.966015
  W384     4    22    21     8   594.018   1.12668
  W350     4    22    22     8   538.449   1.13944
  W351     4    22    23     8   563.707   1.13446
  W317     4    22    24     8   538.327  0.930472
  W318     4    22    25     8   330.472   1.13229
  W284     4    22    26     8   306.462   1.21765
  W316     4    22    27     8   416.458   1.15699
  W282     4    22    28     8   450.283   1.22555
  W283     4    22    29     8   543.175   1.23325
  W249     4    22    30     8   507.591   1.44356
  W250     4    22    31     8   429.518    1.5227
 W1135     4    22    32    33   340.677  0.897367
 W1101     4    22    33    33   360.865  0.938897
 W1133     4    22    34    32   384.968  0.915831
 W1099     4    22    35    32    418.77  0.938453
 W1102     4    22    36    33   552.819  0.970046
  G880     4    22    38    58   530.475   1.61438
  G882     4    22    39    58   454.405   1.49309
  G851     4    22    40    58   521.627   1.18117
  G881     4    22    41    58   485.906   1.54489
  G822     4    22    42    58   416.796   1.48291
  G852     4    22    43    58   530.561   1.39986
  G820     4    22    44    58   537.157   1.63853
  G850     4    22    45    58   401.491   1.52099
  G791     4    22    46    58   394.948   1.59617
  G821     4    22    47    58   589.859   1.42748
  G762     4    22    48    58   238.467   1.26125
  G792     4    22    49    58   498.758   1.29384
  G760     4    22    50    58   554.565   1.65617
  G790     4    22    51    58   321.894   1.47791
  G731     4    22    52    58   550.386   1.61959
  G761     4    22    53    58   501.209   1.53834
 W1136     4    22    54    33   455.683   1.23133
  G732     4    22    55    58   457.607   1.49782
 W1134     4    22    56    32   523.435  0.980154
  G730     4    22    57    58   505.212   1.59677
 W1132     4    22    58    32   370.399   1.05411
  W175     4    20     0     1   449.673   1.05428
  W174     4    20     1     1   510.985   1.04714
  W145     4    20     2     2   419.346   1.16729
  W144     4    20     3     2   533.172   1.36539
  W143     4    20     4     2   549.777   1.32074
  W142     4    20     5     1   473.991    1.3849
  W141     4    20     6     1   653.274   1.41151
  W140     4    20     7     1   581.647   1.36647
  W111     4    20     8     2   377.175   1.07463
  W110     4    20     9     2   426.921   1.14797
  W109     4    20    10     2   603.107   1.22632
  W108     4    20    11     1   557.235   1.26593
  W107     4    20    12     1   566.617    1.1766
  W106     4    20    13     1   610.141   1.36603
   W77     4    20    14     2   645.649   1.34739
   W76     4    20    15     2   567.181    1.4154
   W75     4    20    16     2   458.158  0.930284
   W74     4    20    17     1   353.235   1.04935
   W73     4    20    18     1   334.783   1.01161
   W72     4    20    19     1   342.527  0.978029
   W43     4    20    20     2   561.369   0.90138
   W42     4    20    21     2   549.393   1.08682
   W41     4    20    22     2   467.456   1.06895
   W40     4    20    23     1   637.897   33.0524
   W39     4    20    24     1   446.272   0.92484
   W38     4    20    25     1   464.225   1.08305
    W9     4    20    26     2   444.491   1.11611
    W8     4    20    27     2   385.057   1.15934
    W7     4    20    28     2   601.168   1.14987
    W6     4    20    29     1   529.003   25.4671
    W5     4    20    30     1   569.036   1.28502
    W4     4    20    31     1   570.589   1.32182
  W620     4    20    32    20   415.849  0.811509
  W617     4    20    33    19   411.855  0.801859
  W618     4    20    34    19   468.434  0.872027
  W587     4    20    35    20   442.748  0.824703
  W616     4    20    36    19   452.197  0.892616
  W585     4    20    37    20   439.767    0.8421
  W586     4    20    38    20   541.163  0.970746
  W720     4    20    41    19   554.532  0.884082
  W689     4    20    42    20   362.235  0.898762
  W718     4    20    43    19   448.866  0.793586
  W687     4    20    44    20   577.054   1.16124
  W688     4    20    45    20   618.153   1.07185
  W685     4    20    46    19   589.489   1.04095
  W686     4    20    47    19   486.859  0.948163
  W655     4    20    48    20   509.176  0.894276
  W684     4    20    49    19   447.348  0.835863
  W653     4    20    50    20   549.038  0.852931
  W654     4    20    51    20   433.729  0.900294
  W651     4    20    52    19   516.504  0.922997
  W652     4    20    53    19   558.083    1.0174
  W621     4    20    54    20   523.797   1.09109
  W650     4    20    55    19   618.833   1.01258
  W619     4    20    56    20   377.921  0.853395
  W213     4    18     0     8    368.41   1.08995
  W212     4    18     1     8   251.074    1.1196
  W211     4    18     2     8   298.598   1.19813
  W179     4    18     3     2   377.494   1.26022
  W178     4    18     4     2   422.093   1.27409
  W177     4    18     5     2   402.053   1.43204
  W176     4    18     6     1   608.512   1.44282
  W412     4    18     9    13   433.678   1.21811
  W383     4    18    10     8   380.074   1.22318
  W382     4    18    11     8   439.589   1.18372
  W381     4    18    12     8   627.681   1.29515
  W349     4    18    13     8   380.975   1.38887
  W348     4    18    14     8   478.814   1.35202
  W347     4    18    15     8   581.296   1.51704
  W315     4    18    16     8   508.285  0.855998
  W314     4    18    17     8   208.443   0.92811
  W313     4    18    18     8   357.464  0.889233
  W281     4    18    19     8   270.864  0.936987
  W280     4    18    20     8   410.274  0.847549
  W279     4    18    21     8   575.414   1.07447
  W247     4    18    22     8   479.523   1.01021
  W246     4    18    23     8   501.273   1.07437
  W245     4    18    24     8   359.569  0.947766
  W991     4    18    32    31   586.012  0.836607
  W994     4    18    33    32   490.512  0.883604
  W961     4    18    34    32   498.645  0.830266
  W992     4    18    35    31   434.202  0.835681
  W959     4    18    36    32   599.626  0.830072
  W990     4    18    37    31   542.635  0.928929
  W957     4    18    38    31   441.629  0.914664
  W960     4    18    39    32   458.548  0.963042
  W927     4    18    40    26   436.555  0.824813
  W958     4    18    41    31   537.507  0.829673
  W925     4    18    42    26   359.228  0.902516
  W956     4    18    43    31   409.166  0.916527
  W892     4    18    44    26    570.31   1.05163
  W926     4    18    45    26   460.785  0.956571
  W859     4    18    46    26   433.067  0.969093
  W893     4    18    47    26   589.681  0.986732
  W857     4    18    48    26   458.643  0.913111
  W891     4    18    49    26   575.341  0.939566
  W824     4    18    50    26   263.447  0.954696
  W858     4    18    51    26   301.906   1.08243
  W791     4    18    52    26   549.817  0.886807
  W825     4    18    53    26   473.013   1.16227
  W789     4    18    54    26   537.698   1.12202
  W823     4    18    55    26   543.947   1.23004
  W756     4    18    56    26    458.56  0.928545
  W790     4    18    57    26   547.201   1.02847
  W723     4    18    58    20   440.859   1.06174
  W757     4    18    59    26   348.019   1.14432
  W721     4    18    60    20   535.674   1.18721
  W755     4    18    61    26   554.408   1.30473
  W719     4    18    62    19   609.845   1.09666
  W722     4    18    63    20   600.955    1.3543
  W583     4    16     0    19   343.393   1.11764
  W584     4    16     1    19   431.627   1.22547
  W553     4    16     2    14   343.265   1.21269
  W582     4    16     3    19   356.723   1.23877
  W551     4    16     4    14   480.604   1.19531
  W552     4    16     5    14    473.84   1.34909
  W549     4    16     6    13   409.202   1.42527
  W550     4    16     7    13   438.611   1.39269
  W519     4    16     8    14   359.213   1.06683
  W548     4    16     9    13   437.179   1.20922
  W517     4    16    10    14   390.034   1.15578
  W518     4    16    11    14   377.964   1.18029
  W515     4    16    12    13   479.725   1.21121
  W516     4    16    13    13   527.442   1.28542
  W485     4    16    14    14   482.612   1.38787
  W514     4    16    15    13    397.02   1.36957
  W483     4    16    16    14   489.908  0.907577
  W484     4    16    17    14   514.612   1.01779
  W481     4    16    18    13   270.244  0.937779
  W482     4    16    19    13   262.699  0.992002
  W451     4    16    20    14   434.209  0.972822
  W480     4    16    21    13   572.031   1.15893
  W449     4    16    22    14   671.854    1.1376
  W450     4    16    23    14   697.261    1.0935
  W447     4    16    24    13   342.676  0.863577
  W448     4    16    25    13   387.816  0.900697
  W417     4    16    26    14   484.534   1.02452
  W446     4    16    27    13   277.108   1.11216
  W415     4    16    28    14   669.109   1.01114
  W416     4    16    29    14    445.61    1.1423
  W413     4    16    30    13   610.869   1.16179
  W414     4    16    31    13    603.11   1.25876
 W1028     4    16    32    32   349.344  0.886638
  W995     4    16    33    32   523.091  0.922199
 W1026     4    16    34    31   501.048  0.881704
  W993     4    16    35    32   372.941  0.887001
 W1024     4    16    36    31   505.253  0.825935
 W1129     4    16    38    32    608.17   1.00219
 W1131     4    16    39    32    627.32   1.06914
 W1127     4    16    40    31    493.12  0.862055
 W1130     4    16    41    32   479.031   0.93105
 W1097     4    16    42    32   418.235  0.944023
 W1128     4    16    43    31    331.64  0.970668
 W1095     4    16    44    32   627.452   1.22696
 W1126     4    16    45    31   477.644    1.1605
 W1093     4    16    46    31   407.128    1.1349
 W1096     4    16    47    32   580.889    1.0676
 W1063     4    16    48    32   542.313  0.869111
 W1094     4    16    49    31   401.344  0.951769
 W1061     4    16    50    32   310.656   1.01238
 W1092     4    16    51    31   298.326  0.998153
 W1059     4    16    52    31   477.934  0.964669
 W1062     4    16    53    32   567.891   1.09246
 W1029     4    16    54    32   494.391   1.20099
 W1060     4    16    55    31   418.238   1.14288
 W1027     4    16    56    32   378.999  0.898671
 W1058     4    16    57    31    380.82  0.959202
 W1025     4    16    58    31   376.971   1.08187
  W137     4    14     0     1   417.728   1.15711
  W138     4    14     1     1   374.865   1.22569
  W104     4    14     2     1   539.966   1.33982
  W105     4    14     3     1   480.579   1.35463
   W71     4    14     4     1   630.192   1.30279
  W103     4    14     5     1   340.751   1.41135
   W69     4    14     6     1   525.635   1.61749
   W70     4    14     7     1   574.247   1.44588
   W36     4    14     8     1   534.496   1.23158
   W37     4    14     9     1   539.051   1.28393
    W3     4    14    10     1   591.519   1.57897
   W35     4    14    11     1   458.909   1.40475
    W1     4    14    12     1   396.231   1.39837
    W2     4    14    13     1   480.928   1.43561
  G158     4    14    14    38   509.825   1.34005
  G159     4    14    15    38   450.535   1.65301
  G129     4    14    16    38   462.198   1.22442
  G157     4    14    17    38   407.017    1.2971
  G127     4    14    18    38   414.644    1.3097
  G128     4    14    19    38   304.329    1.4057
   G98     4    14    20    38   428.176   1.23254
   G99     4    14    21    38   646.968   1.33796
   G69     4    14    22    38   526.956   1.29452
   G97     4    14    23    38    555.08   1.41402
   G67     4    14    24    38   393.846   1.28335
   G68     4    14    25    38   368.875   1.35137
   G38     4    14    26    38   343.853   1.40422
   G39     4    14    27    38   467.007   1.45805
    G9     4    14    28    38   642.483   1.47628
   G37     4    14    29    38   489.038    1.5554
    G7     4    14    30    38   536.777   1.65875
    G8     4    14    31    38   543.792   1.71196
  W819     4    14    32    25   461.572  0.935204
  W820     4    14    33    25   339.296  0.896888
  W817     4    14    34    25   451.703  0.807814
  W818     4    14    35    25   384.044  0.770164
  W787     4    14    36    25   469.318  0.814529
  W788     4    14    37    25   467.029   0.87471
  W785     4    14    38    25   698.957  0.916465
  W786     4    14    39    25   550.816  0.888912
  W783     4    14    40    25   531.673  0.786013
  W784     4    14    41    25   529.071  0.847334
  W753     4    14    42    25   480.078  0.858406
  W754     4    14    43    25   399.466  0.860125
  W751     4    14    44    25   518.643   1.52174
  W752     4    14    45    25   611.984   1.31594
  W749     4    14    46    25   343.516   1.12098
  W750     4    14    47    25   592.278   1.03267
  W716     4    14    48    19   572.774  0.834988
  W717     4    14    49    19   402.087  0.943406
  W683     4    14    50    19   389.086  0.878591
  W715     4    14    51    19   345.728    0.9197
  W681     4    14    52    19   489.743  0.886455
  W682     4    14    53    19   535.607   1.07988
  W648     4    14    54    19   620.822    1.1398
  W649     4    14    55    19   703.376   1.20229
  W615     4    14    56    19   399.075  0.898011
  W647     4    14    57    19   499.757  0.923646
  W613     4    14    58    19   508.335   1.02673
  W614     4    14    59    19   466.502  0.970556
  W580     4    14    60    19   707.966   1.16937
  W581     4    14    61    19   505.248   1.21958
  W547     4    14    62    13   610.069   1.19194
  W579     4    14    63    19   511.116   1.20186
  W208     4    12     0     7   526.758   1.11117
  W205     4    12     1     7   422.912   1.06127
  W206     4    12     2     7   377.907   1.07904
  W172     4    12     3     1   370.361    1.1414
  W173     4    12     4     1   380.469   1.16957
  W139     4    12     5     1   551.558   1.42963
  W171     4    12     6     1   596.821   1.48307
  W277     4    12    10     7   442.506   1.30922
  W278     4    12    11     7   314.464   1.28434
  W275     4    12    12     7   577.945   1.42585
  W276     4    12    13     7   490.141   1.46225
  W273     4    12    14     7   396.448    1.3595
  W274     4    12    15     7   454.102   1.34181
  W243     4    12    16     7   513.002   0.94186
  W244     4    12    17     7   383.846  0.943238
  W241     4    12    18     7   256.465  0.965479
  W242     4    12    19     7   329.011   1.00006
  W239     4    12    20     7   386.811   1.01786
  W240     4    12    21     7   473.925   1.16817
  W209     4    12    22     7   444.562   1.13668
  W210     4    12    23     7     569.9   1.14192
  W207     4    12    24     7   302.261  0.943894
  W854     4    12    32    25   526.628  0.808378
  W851     4    12    33    25   316.187  0.831221
  W852     4    12    34    25   365.776  0.862541
  W821     4    12    35    25   496.238  0.846125
  W822     4    12    36    25   605.225    0.8629
  W955     4    12    40    31   307.662  0.922246
  W987     4    12    41    31   472.858  0.982343
  W953     4    12    42    31   505.422   1.01127
  W954     4    12    43    31   393.752   1.02322
  W923     4    12    44    25   486.128   1.49373
  W924     4    12    45    25   418.359   1.37849
  W921     4    12    46    25     462.6    1.2096
  W922     4    12    47    25   440.277   1.09223
  W919     4    12    48    25   349.901  0.902286
  W920     4    12    49    25   458.342  0.998767
  W889     4    12    50    25   325.287  0.993046
  W890     4    12    51    25   238.034   1.02519
  W887     4    12    52    25   435.725   0.97441
  W888     4    12    53    25   458.926   1.18398
  W885     4    12    54    25   491.949   1.23104
  W886     4    12    55    25   597.718   1.25421
  W855     4    12    56    25    289.21  0.987285
  W856     4    12    57    25   383.039   1.06828
  W853     4    12    58    25   294.723   1.06008
  W545     4    10     0    13   330.955   1.02675
  W546     4    10     1    13   329.681   1.07979
  W512     4    10     2    13   347.867     1.225
  W513     4    10     3    13    363.78   1.17233
  W479     4    10     4    13   413.201   1.17862
  W511     4    10     5    13   443.274   1.33744
  W477     4    10     6    13   483.246   1.46972
  W478     4    10     7    13   398.761   1.56751
  W444     4    10     8    13   416.131    1.0628
  W445     4    10     9    13   397.597   1.20906
  W411     4    10    10    13   382.681   1.21051
  W443     4    10    11    13   350.693   1.14907
  W409     4    10    12    13   443.788   1.35931
  W410     4    10    13    13   403.214   1.36901
  W379     4    10    14     7   384.696   1.42589
  W380     4    10    15     7   455.412   1.51209
  W377     4    10    16     7   374.362  0.897419
  W378     4    10    17     7   334.797  0.943548
  W375     4    10    18     7   360.601   0.92733
  W376     4    10    19     7   326.643  0.941479
  W345     4    10    20     7   406.301  0.922635
  W346     4    10    21     7   481.514   1.07765
  W343     4    10    22     7   495.866    1.1118
  W344     4    10    23     7    494.28   1.14392
  W341     4    10    24     7   289.041  0.949019
  W342     4    10    25     7   268.417  0.972438
  W311     4    10    26     7   224.441  0.969084
  W312     4    10    27     7   303.562  0.955468
  W309     4    10    28     7   465.553   1.16229
  W310     4    10    29     7   423.598   1.23067
  W307     4    10    30     7   447.565   1.27182
  W308     4    10    31     7   412.747   1.25939
  G878     4    10    32    58   397.965    1.3447
  G879     4    10    33    58   321.683    1.0807
  G849     4    10    34    58   359.375   1.17404
  G877     4    10    35    58   291.996   1.29255
  G847     4    10    36    58   492.752   1.50326
  G848     4    10    37    58   450.307   1.35248
  G818     4    10    38    58   449.159   1.33372
  G819     4    10    39    58   389.879   2.34529
  G789     4    10    40    58   444.919   1.17955
  G817     4    10    41    58   412.643   1.27548
  G787     4    10    42    58    389.87   1.43672
  G788     4    10    43    58   365.138   1.46666
  G758     4    10    44    58   465.796   1.76645
  G759     4    10    45    58   459.164   1.38738
  G729     4    10    46    58   415.965   1.43697
  G757     4    10    47    58    494.37   1.54218
  G727     4    10    48    58   363.154    1.1192
  G728     4    10    49    58   379.607   1.45773
 W1124     4    10    50    31   322.175   1.01161
 W1125     4    10    51    31    311.32   1.03317
 W1091     4    10    52    31   474.442   1.01661
 W1123     4    10    53    31   501.202   1.16795
 W1089     4    10    54    31   536.794   1.24923
 W1090     4    10    55    31   499.717   1.32396
 W1056     4    10    56    31   382.602   0.86045
 W1057     4    10    57    31   367.088  0.968916
 W1023     4    10    58    31   334.537  0.966914
 W1055     4    10    59    31   309.281   1.01064
 W1021     4    10    60    31   534.215   1.17407
 W1022     4    10    61    31   444.513   1.24862
  W988     4    10    62    31   438.963   1.27521
  W989     4    10    63    31   371.839   1.31584
  G152     4     8     0    37   430.588   1.52376
  G151     4     8     1    37   440.357   1.82662
  G126     4     8     2    37   413.933   1.42992
  G125     4     8     3    37   322.605   1.65315
  G124     4     8     4    37    445.07   1.73871
  G123     4     8     5    37   459.463   1.82172
  G122     4     8     6    37   534.904   1.77898
  G121     4     8     7    37   415.772   1.91136
   G96     4     8     8    37   465.467   1.40797
   G95     4     8     9    37   530.484    1.5837
   G94     4     8    10    37   525.847   1.52723
   G93     4     8    11    37   453.606   1.80654
   G92     4     8    12    37   553.876   1.67011
   G91     4     8    13    37    496.06   1.70142
   G66     4     8    14    37   407.191   1.51792
   G65     4     8    15    37   604.755   1.95556
   G64     4     8    16    37   473.651   1.25878
   G63     4     8    17    37   485.242   1.57215
   G62     4     8    18    37   365.526   1.39821
   G61     4     8    19    37   223.548   1.46812
   G36     4     8    20    37   410.604   1.41799
   G35     4     8    21    37   718.744   1.80996
   G34     4     8    22    37    425.73   1.69199
   G33     4     8    23    37   396.161   1.55681
   G32     4     8    24    37   384.798   1.53579
   G31     4     8    25    37   485.221    1.5296
    G6     4     8    26    37   387.216   1.55003
    G5     4     8    27    37   281.626   1.42377
    G4     4     8    28    37   608.093   1.54311
    G3     4     8    29    37   457.808   1.81686
    G2     4     8    30    37   432.579   1.75171
    G1     4     8    31    37   562.281   1.75095
  G602     4     8    32    52   560.438   1.40083
  G601     4     8    33    52   400.164   1.19444
  G576     4     8    34    52   397.723   1.22998
  G575     4     8    35    52   501.366   1.34207
  G574     4     8    36    52   497.077   1.30014
  G573     4     8    37    52   751.806   1.40009
  G572     4     8    38    52   501.197   1.46365
  G571     4     8    39    52   562.233   1.63002
  G546     4     8    40    52   411.304   1.20042
  G545     4     8    41    52   407.017   1.23999
  G544     4     8    42    52   382.065   1.59201
  G543     4     8    43    52    348.64   1.40057
  G542     4     8    44    52   435.696   1.47416
  G541     4     8    45    52   547.034   1.61257
  G516     4     8    46    47   401.024   1.37306
  G515     4     8    47    47   481.679   1.45753
  G514     4     8    48    47   391.138    1.0657
  G513     4     8    49    47   355.977   1.34514
  G512     4     8    50    47   377.771   1.25481
  G511     4     8    51    47   346.697   1.36685
  G486     4     8    52    47   562.307    1.2642
  G485     4     8    53    47   528.466   1.29926
  G484     4     8    54    47   447.975   1.41852
  G483     4     8    55    47   631.295   1.62294
  G482     4     8    56    47   385.568   1.31293
  G481     4     8    57    47   569.427   1.45353
  G456     4     8    58    47    462.52   1.46162
  G455     4     8    59    47   451.122    1.3411
  G454     4     8    60    47   464.982    1.6568
  G453     4     8    61    47   462.209   1.59254
  G452     4     8    62    47   579.243   1.60243
  G451     4     8    63    47   494.275   1.76245
  G181     4     6     0    42   566.727   1.73867
  G156     4     6     1    37   545.711   1.64269
  G155     4     6     2    37   267.074   1.74368
  G154     4     6     3    37   323.017   1.68821
  G153     4     6     4    37    446.73   1.90002
  G274     4     6     6    42   506.572   1.92649
  G273     4     6     7    42   446.955   1.98814
  G272     4     6     8    42   424.647   1.67193
  G271     4     6     9    42   407.558   1.68413
  G246     4     6    10    42   518.892   2.09409
  G245     4     6    11    42   390.563   1.74608
  G244     4     6    12    42   572.959   1.84843
  G243     4     6    13    42   451.747   1.90163
  G242     4     6    14    42   474.139   1.90309
  G241     4     6    15    42   532.036   1.97631
  G216     4     6    16    42   450.763   1.47465
  G215     4     6    17    42   338.586   1.59995
  G214     4     6    18    42   322.518   1.67984
  G213     4     6    19    42   364.815   1.77722
  G212     4     6    20    42   463.179   1.61531
  G211     4     6    21    42   662.024   2.09823
  G186     4     6    22    42   599.895   1.66268
  G185     4     6    23    42   646.071   1.70461
  G184     4     6    24    42   405.526   1.65552
  G183     4     6    25    42    467.06   1.78685
  G182     4     6    26    42   260.111   1.68483
  G631     4     6    32    52   343.825   1.21383
  G606     4     6    33    52   400.302   1.21548
  G605     4     6    34    52   457.854    1.3194
  G604     4     6    35    52   479.183   1.41706
  G603     4     6    36    52   653.659    1.3537
  G724     4     6    38    57   487.032   1.42965
  G723     4     6    39    57    559.41   1.37194
  G722     4     6    40    57   446.706   1.41296
  G721     4     6    41    57   475.254   1.53359
  G696     4     6    42    52   352.884   1.24817
  G695     4     6    43    52   324.903   1.29834
  G694     4     6    44    52   448.139   1.36317
  G693     4     6    45    52   608.378   1.32265
  G692     4     6    46    52   577.338   1.33569
  G691     4     6    47    52   540.604   1.39108
  G666     4     6    48    52   513.164  0.915678
  G665     4     6    49    52   477.159    1.5867
  G664     4     6    50    52   331.838   1.32034
  G663     4     6    51    52    377.73   1.35902
  G662     4     6    52    52   473.433   1.29465
  G661     4     6    53    52   634.337   1.55169
  G636     4     6    54    52    406.96   1.42919
  G635     4     6    55    52   593.595   1.55297
  G634     4     6    56    52   532.329   1.20861
  G633     4     6    57    52   501.788   1.26922
  G632     4     6    58    52   449.136    1.3353
  G426     4     4     0    47   474.357   2.22033
  G425     4     4     1    47   451.398   2.33057
  G424     4     4     2    47   425.737   2.41114
  G423     4     4     3    47   353.256   2.67394
  G422     4     4     4    47   620.799   2.32477
  G421     4     4     5    47   508.221   2.52596
  G396     4     4     6    47   496.521   2.66555
  G395     4     4     7    47   513.612   3.05338
  G394     4     4     8    47   409.037   2.14265
  G393     4     4     9    47   491.913   2.55586
  G392     4     4    10    47     329.6   2.52806
  G391     4     4    11    47   491.819   2.82761
  G366     4     4    12    47   393.064   2.82487
  G365     4     4    13    47   465.282    3.0941
  G364     4     4    14    47   574.312   2.75949
  G363     4     4    15    47    603.08   3.19252
  G362     4     4    16    47   499.964    2.4446
  G361     4     4    17    47    426.42   2.50772
  G336     4     4    18    42    317.97   2.48851
  G335     4     4    19    42   384.163   2.49356
  G334     4     4    20    42   526.113   2.32295
  G333     4     4    21    42   644.077   2.89841
  G332     4     4    22    42   481.286   2.67611
  G331     4     4    23    42   472.877   2.76826
  G306     4     4    24    42   432.758   2.39038
  G305     4     4    25    42   390.683   2.54114
  G304     4     4    26    42   435.112     2.703
  G303     4     4    27    42    304.49   2.90013
  G302     4     4    28    42   479.989   2.68491
  G301     4     4    29    42   614.607    3.1347
  G276     4     4    30    42   403.636   3.23847
  G275     4     4    31    42   572.452   3.21042
  G876     4     4    32    57   536.652   1.42719
  G875     4     4    33    57   342.427   1.10675
  G874     4     4    34    57   370.001   1.25462
  G873     4     4    35    57   440.085    1.2418
  G872     4     4    36    57   426.959   1.49001
  G871     4     4    37    57   519.995   1.10667
  G846     4     4    38    57   607.269   1.57203
  G845     4     4    39    57   479.763   1.59631
  G844     4     4    40    57   562.103   1.37213
  G843     4     4    41    57   389.142   1.39122
  G842     4     4    42    57   479.622   1.50301
  G841     4     4    43    57   301.829   1.40337
  G816     4     4    44    57   541.625   1.49481
  G815     4     4    45    57   450.403   1.37188
  G814     4     4    46    57   410.101   1.54068
  G813     4     4    47    57   469.399   1.38586
  G812     4     4    48    57   530.747   1.26007
  G811     4     4    49    57    409.93   1.52085
  G786     4     4    50    57   428.861   1.54019
  G785     4     4    51    57   252.132     1.725
  G784     4     4    52    57   462.482   1.43182
  G783     4     4    53    57   403.202   1.77806
  G782     4     4    54    57   509.403   1.41594
  G781     4     4    55    57   584.415    1.5078
  G756     4     4    56    57   397.907   1.21314
  G755     4     4    57    57   429.841    1.3801
  G754     4     4    58    57   326.166    1.3174
  G753     4     4    59    57   397.961   1.59492
  G752     4     4    60    57   689.987   1.92974
  G751     4     4    61    57   537.743   1.73808
  G726     4     4    62    57   641.941   1.60328
  G725     4     4    63    57   513.721   1.74164
